20090701 36.37 36.56 35.75 36.56 359619
20090702 36.85 36.89 36.32 36.47 346561
20090706 35.56 36.09 35.09 36.09 169542
20090707 35.47 35.61 35.45 35.52 207873
20090708 35.80 36.04 35.61 35.61 49283
20090709 35.37 35.84 35.14 35.61 49810
20090710 35.42 35.80 35.33 35.80 20640
20090713 35.66 35.90 35.60 35.61 244625
20090714 36.04 36.89 35.71 36.85 6634
20090715 37.22 37.84 37.08 37.84 5792
20090716 37.84 37.98 37.41 37.56 9056
20090717 36.75 37.13 36.56 36.94 21798
20090720 36.70 37.75 35.47 37.56 38858
20090721 36.56 36.99 36.56 36.80 31697
20090722 37.70 37.75 36.48 37.56 156590
20090723 37.70 38.08 37.65 37.89 8003
20090724 37.98 37.98 37.56 37.89 25695
20090727 37.65 37.79 37.37 37.60 7793
20090728 37.60 37.86 37.51 37.86 21588
20090729 37.70 37.70 37.37 37.37 18007
20090730 37.79 37.79 37.41 37.79 40753
20090731 37.65 38.17 37.60 38.13 24957
20090803 37.51 37.89 37.18 37.79 17691
20090804 36.70 37.46 36.59 37.27 40543
20090805 37.13 37.46 36.55 37.41 39174
20090806 37.32 37.69 37.27 37.41 6529
20090807 37.56 37.65 37.28 37.46 7898
20090810 38.17 38.29 37.98 38.13 4107
20090811 38.26 38.65 38.26 38.36 10109
20090812 38.89 39.22 38.89 38.98 14427
20090813 37.13 37.31 36.89 37.18 259052
20090814 36.42 36.75 36.13 36.75 20429
20090817 37.13 37.18 36.89 37.18 29696
20090818 37.47 38.17 37.47 38.13 3370
20090819 37.79 38.70 37.72 38.64 6634
20090820 38.48 38.76 38.40 38.55 14848
20090821 39.78 40.12 39.78 39.93 13795
20090824 40.19 40.27 39.79 39.79 12531
20090825 40.75 40.75 39.98 40.45 35593
20090826 40.22 40.49 40.12 40.36 15691
20090827 39.79 40.69 39.28 40.24 12321
20090828 40.26 40.55 40.22 40.55 10109
20090831 40.55 41.31 40.55 41.21 7371
20090901 40.36 40.55 39.41 39.41 11794
20090902 39.60 39.84 39.50 39.65 21693
20090903 39.88 39.98 39.46 39.46 11689
20090904 39.41 39.98 39.31 39.98 6108
20090908 41.36 41.60 41.27 41.31 4107
20090909 41.78 42.26 41.78 42.21 11162
20090910 41.93 42.73 41.88 42.73 18955
20090911 43.30 43.30 42.94 43.16 50020
20090914 43.04 44.01 42.93 43.84 11689
20090915 43.78 43.92 43.32 43.92 38437
20090916 44.39 45.49 43.81 44.58 1199011
20090917 44.16 44.54 44.10 44.20 378995
20090918 43.41 44.96 42.72 44.63 1625604
20090921 44.83 45.50 44.65 45.30 588553
20090922 44.95 45.01 44.23 44.49 750724
20090923 44.01 44.15 43.59 43.59 214297
20090924 44.48 44.55 43.26 43.32 153325
20090925 42.73 43.10 42.47 42.66 104463
20090928 42.51 43.44 42.46 43.14 100988
20090929 43.27 43.54 42.78 43.00 99514
20090930 43.82 43.89 42.97 43.63 112256
20091001 42.68 43.35 42.26 42.80 263580
20091002 41.26 42.25 41.23 41.78 421539
20091005 42.19 43.25 42.16 43.11 526739
20091006 43.60 44.63 43.53 44.31 192920
20091007 43.87 44.73 43.81 44.37 166172
20091008 45.36 45.83 45.35 45.76 383418
20091009 45.46 45.74 44.63 45.19 191972
20091012 45.63 45.79 45.30 45.49 23062
20091013 45.09 45.34 44.55 45.15 105832
20091014 46.72 47.40 46.15 47.05 182074
20091015 46.23 47.44 46.23 47.30 147007
20091016 47.42 47.72 46.72 47.66 504520
20091019 48.03 49.29 47.86 48.61 197027
20091020 47.80 47.85 47.03 47.62 378047
20091021 47.63 49.22 47.63 48.20 481142
20091022 48.20 49.89 47.99 49.66 850765
20091023 48.97 48.97 47.86 48.00 347088
20091026 47.88 48.17 46.92 47.00 205451
20091027 46.30 46.60 45.64 45.96 250417
20091028 45.77 45.86 44.85 45.10 180915
20091029 45.68 46.98 45.67 46.43 795479
20091030 46.35 46.38 44.52 44.80 195237
20091102 45.49 46.17 44.91 45.88 224722
20091103 44.19 44.94 43.95 44.74 258315
20091104 44.88 45.33 44.77 44.99 222722
20091105 45.38 46.15 45.01 46.14 179546
20091106 46.08 46.27 45.58 45.93 266739
20091109 46.60 47.31 46.48 47.21 97724
20091110 45.88 46.09 45.50 45.89 455763
20091111 45.28 46.28 45.19 46.19 446707
20091112 44.91 46.24 44.80 45.84 2207628
20091113 47.43 47.75 46.98 47.74 594029
20091116 48.23 49.19 48.22 49.05 440388
20091117 48.34 48.86 47.51 48.52 370992
20091118 48.79 49.15 48.40 48.80 416273
20091119 48.20 48.33 47.39 48.05 775682
20091120 47.71 48.42 47.71 48.12 793162
20091123 48.82 49.08 48.39 48.73 478193
20091124 48.75 48.91 48.44 48.73 255156
20091125 49.35 49.90 49.18 49.80 366674
20091127 46.84 49.57 46.80 48.60 841708
20091130 48.17 48.48 47.02 47.76 349194
20091201 48.43 49.69 48.43 49.62 480615
20091202 50.17 50.78 49.99 50.56 571073
20091203 50.72 50.98 49.81 49.99 181863
20091204 50.83 50.89 49.39 49.99 424487
20091207 49.56 50.89 49.51 49.85 232199
20091208 49.10 49.21 48.25 48.58 271162
20091209 49.05 49.16 48.41 48.78 127946
20091210 49.09 49.36 48.72 49.09 77400
20091211 49.62 49.85 49.30 49.68 97618
20091214 50.15 50.47 49.96 50.32 142057
20091215 49.97 50.05 49.71 49.81 101936
20091216 49.99 50.63 49.86 49.95 287800
20091217 49.18 49.19 48.64 48.84 139214
20091218 48.56 48.73 47.72 48.06 327711
20091221 48.03 48.43 47.95 48.27 106885
20091222 48.27 48.55 48.03 48.13 156168
20091223 48.31 49.03 48.15 48.70 202398
20091224 48.98 49.10 48.73 48.89 43491
20091228 49.42 49.66 49.17 49.40 137740
20091229 50.08 50.23 49.57 49.79 101304
20091230 49.58 49.62 49.29 49.49 62973
20091231 49.73 49.81 49.41 49.41 37278
20100104 50.63 50.99 50.32 50.79 147007
20100105 50.64 50.65 49.96 50.19 148797
20100106 49.67 50.04 49.61 49.87 181863
20100107 49.03 49.03 48.40 48.66 327079
20100108 48.43 48.53 47.96 48.38 510522
20100111 48.86 49.02 48.70 48.82 125840
20100112 48.11 48.69 47.96 48.62 479562
20100113 49.26 49.60 48.90 49.18 234937
20100114 49.13 49.41 49.04 49.27 155958
20100115 48.91 49.01 47.62 47.95 433017
20100119 47.80 48.10 47.72 47.98 218509
20100120 46.99 47.19 46.25 46.79 472296
20100121 46.55 46.65 45.36 45.47 1038735
20100122 46.27 46.91 45.51 45.64 805062
20100125 46.23 46.37 45.66 45.91 442073
20100126 45.18 46.20 45.05 45.69 168068
20100127 47.08 47.28 46.80 47.22 295909
20100128 47.81 47.85 46.29 46.60 221247
20100129 47.97 48.23 46.87 47.28 348667
20100201 47.74 48.18 47.67 48.10 262843
20100202 48.11 48.82 47.97 48.45 306755
20100203 48.50 48.63 47.98 48.42 212612
20100204 46.80 46.83 45.48 45.48 939959
20100205 44.45 44.72 43.26 44.09 595188
20100208 44.97 45.45 44.63 44.67 222722
20100209 45.31 46.63 45.26 46.08 273689
20100210 46.04 46.30 45.49 45.87 201450
20100211 46.22 46.81 45.70 46.65 196711
20100212 46.65 47.17 46.26 47.04 123208
20100216 46.64 47.78 46.44 47.68 121628
20100217 48.17 48.57 47.98 48.29 308124
20100218 47.94 48.67 47.90 48.58 402478
20100219 47.69 48.13 47.37 47.78 481247
20100222 47.60 47.78 47.02 47.13 407217
20100223 47.12 47.21 46.41 46.58 295593
20100224 47.40 47.89 47.10 47.74 292013
20100225 46.20 47.25 46.20 47.23 223248
20100226 47.09 47.84 46.83 47.43 253050
20100301 47.53 48.61 47.27 48.29 281271
20100302 48.44 48.50 47.90 48.30 179441
20100303 48.92 49.35 48.75 48.81 304123
20100304 47.77 47.94 46.83 46.93 1316426
20100305 46.55 47.31 46.53 47.10 799586
20100308 46.97 47.02 46.21 46.53 346877
20100309 46.70 47.42 46.68 47.20 572020
20100310 47.81 48.17 47.72 47.83 985345
20100311 47.97 48.20 47.83 48.12 268424
20100312 48.37 48.41 47.96 48.05 166910
20100315 47.28 47.52 46.99 47.47 268108
20100316 48.53 48.94 48.32 48.72 643628
20100317 49.21 49.34 48.93 49.13 691016
20100318 49.09 49.23 48.60 49.05 1135617
20100319 49.19 49.20 48.62 48.86 641417
20100322 48.02 49.23 48.02 49.06 367727
20100323 49.14 49.45 48.82 49.30 442916
20100324 47.97 48.43 47.76 48.11 304018
20100325 48.00 48.24 47.62 47.64 256103
20100326 47.80 48.05 47.55 47.78 246521
20100329 47.99 48.46 47.98 48.14 225670
20100330 48.47 48.50 47.80 48.19 344876
20100331 47.61 48.04 47.48 47.91 329080
20100401 48.13 48.48 47.95 48.28 204504
20100405 49.06 49.06 48.19 48.26 157643
20100406 48.15 48.60 48.10 48.55 177019
20100407 48.35 48.63 48.20 48.28 130158
20100408 48.00 48.65 47.85 48.59 213139
20100409 48.62 49.40 48.61 49.33 491778
20100412 49.63 49.98 49.49 49.71 221984
20100413 49.09 49.13 48.58 48.80 393738
20100414 48.25 49.13 48.23 48.87 532426
20100415 47.79 48.30 47.60 48.07 418169
20100416 47.32 47.61 46.79 47.28 754515
20100419 46.75 47.05 46.54 46.82 598452
20100420 47.50 47.62 47.19 47.43 350141
20100421 47.10 47.23 46.67 46.91 1431631
20100422 46.80 47.19 46.56 46.96 294645
20100423 46.61 47.22 46.52 47.17 308402
20100426 47.23 47.35 46.96 47.03 255161
20100427 46.63 47.15 45.63 45.81 812055
20100428 45.49 45.85 44.71 45.19 808617
20100429 46.40 46.65 46.05 46.21 416655
20100430 46.69 46.79 45.94 46.50 387482
20100503 46.07 47.03 46.07 46.72 241408
20100504 46.04 46.31 44.97 45.91 767045
20100505 45.00 46.48 44.73 45.62 1349571
20100506 45.17 45.71 41.45 44.96 1389788
20100507 44.79 45.15 43.25 43.96 1555450
20100510 46.66 47.99 46.66 47.88 1147026
20100511 47.18 48.41 46.92 47.19 754647
20100512 47.78 47.91 47.09 47.45 351328
20100513 47.48 47.79 46.96 47.19 299754
20100514 47.07 47.16 45.15 45.79 799969
20100517 45.85 46.61 45.49 46.50 1010224
20100518 47.25 47.63 45.89 46.00 806846
20100519 45.92 47.05 45.50 46.61 1025644
20100520 45.40 45.94 44.27 45.11 911973
20100521 43.83 46.44 43.71 46.33 1148797
20100524 46.09 46.29 45.51 45.60 420510
20100525 43.76 45.46 43.67 45.23 775485
20100526 45.19 45.63 44.04 44.34 881446
20100527 46.04 47.30 45.73 47.30 571585
20100528 46.37 46.64 45.68 45.98 398318
20100601 45.62 46.80 45.51 45.62 284438
20100602 45.95 47.09 45.78 47.09 494589
20100603 47.28 47.32 46.28 46.69 670461
20100604 45.23 45.54 44.33 44.59 949273
20100607 45.22 45.86 44.76 44.95 943543
20100608 44.83 45.70 44.46 45.61 805908
20100609 46.04 46.55 45.48 45.77 959067
20100610 47.06 47.39 46.76 47.15 573669
20100611 46.56 47.11 46.35 46.61 544600
20100614 48.21 48.42 47.42 47.59 669107
20100615 48.62 49.91 48.34 49.67 1384370
20100616 48.94 49.63 48.82 49.41 426657
20100617 49.72 49.88 49.21 49.83 372166
20100618 49.24 49.27 48.80 49.19 374771
20100621 49.76 49.81 48.77 48.96 335804
20100622 48.95 49.77 48.15 48.28 639413
20100623 48.12 48.42 47.63 48.16 620554
20100624 48.21 48.54 47.54 47.91 582942
20100625 47.74 47.99 47.29 47.60 445724
20100628 48.07 48.73 47.53 47.67 331949
20100629 46.96 46.98 46.12 46.28 492818
20100630 46.31 46.93 45.73 46.08 640872
20100701 46.78 47.43 46.48 47.23 888843
20100702 47.45 47.58 46.58 46.90 555123
20100706 48.30 48.95 47.95 48.35 418947
20100707 48.21 49.31 48.17 49.27 505425
20100708 49.88 50.09 49.45 50.00 470730
20100709 49.76 50.54 49.64 50.37 486671
20100712 49.90 50.76 49.89 50.64 405923
20100713 51.18 51.83 51.06 51.51 701718
20100714 51.26 51.78 51.09 51.64 922392
20100715 52.00 52.18 51.46 52.16 525533
20100716 52.02 52.03 50.51 50.72 577941
20100719 51.48 51.69 50.71 50.96 241095
20100720 49.40 50.65 49.23 50.39 405715
20100721 51.51 51.86 50.61 50.81 471771
20100722 51.40 52.30 51.38 52.20 562417
20100723 51.40 52.56 51.27 52.47 560645
20100726 52.24 53.02 52.05 52.85 441869
20100727 52.64 53.04 52.28 52.50 475106
20100728 51.92 52.10 51.56 51.58 311528
20100729 51.98 52.27 50.87 51.23 340180
20100730 50.24 51.06 50.13 50.93 617846
20100802 51.77 52.60 51.71 52.37 331532
20100803 52.44 53.00 52.06 52.63 312986
20100804 52.93 53.27 52.53 52.98 620763
20100805 52.40 52.49 51.41 51.69 618992
20100806 50.42 50.94 49.99 50.45 817577
20100809 50.36 50.87 50.24 50.52 570543
20100810 49.69 50.52 49.34 50.13 486254
20100811 48.85 48.98 48.30 48.81 776527
20100812 50.38 51.26 50.35 50.92 761627
20100813 51.47 51.83 51.02 51.10 506883
20100816 51.02 51.54 50.82 51.36 381022
20100817 51.46 51.83 51.14 51.50 403527
20100818 51.35 51.91 51.14 51.42 344660
20100819 51.18 51.22 49.94 50.17 500945
20100820 49.80 49.89 49.37 49.62 589089
20100823 49.41 50.15 49.34 49.48 383210
20100824 48.92 49.50 48.59 49.07 275686
20100825 48.45 49.06 48.36 48.96 621180
20100826 49.24 49.83 48.97 49.06 537619
20100827 49.61 49.87 48.61 49.79 326948
20100830 49.49 49.82 49.07 49.13 423011
20100831 49.62 50.39 49.46 49.88 480836
20100901 51.34 52.40 51.27 52.04 838936
20100902 52.59 52.74 52.31 52.74 549184
20100903 52.97 53.11 52.26 52.93 466666
20100907 52.93 53.03 52.05 52.15 424782
20100908 52.77 53.73 52.77 53.41 816744
20100909 53.67 53.67 52.54 52.84 591798
20100910 52.07 52.68 51.94 52.60 569606
20100913 53.02 53.34 52.78 53.25 647227
20100914 53.09 53.75 52.92 53.60 526471
20100915 53.57 54.22 53.43 54.03 657854
20100916 53.76 54.25 53.61 54.05 464166
20100917 53.77 53.96 52.74 53.13 502507
20100920 53.34 54.07 53.22 53.90 368936
20100921 54.06 54.28 53.42 53.88 694633
20100922 54.42 54.54 53.60 53.80 489380
20100923 53.90 54.50 53.61 54.15 468125
20100924 55.48 56.21 55.36 56.21 818619
20100927 55.92 55.93 55.35 55.40 705990
20100928 55.84 56.73 55.42 56.58 597633
20100929 56.75 57.28 56.48 57.09 814139
20100930 57.19 57.40 56.10 56.39 570648
20101001 56.71 56.76 55.76 56.30 632120
20101004 55.38 55.78 55.01 55.27 599404
20101005 56.13 57.04 56.11 56.92 1220271
20101006 57.18 57.59 56.87 57.48 666294
20101007 57.63 57.66 56.74 57.12 1860101
20101008 58.19 59.36 58.13 59.12 1603377
20101011 59.02 59.45 59.02 59.45 1557950
20101012 59.31 59.92 58.69 59.79 1602439
20101013 61.12 61.80 61.02 61.14 1737365
20101014 60.80 61.21 60.41 60.83 1274658
20101015 60.38 60.45 59.41 60.20 2153916
20101018 59.82 59.99 59.58 59.90 1764767
20101019 59.22 59.55 58.67 58.91 1620777
20101020 59.03 60.20 59.00 59.71 1125042
20101021 60.98 61.66 60.65 61.18 1205580
20101022 61.38 61.62 61.06 61.19 835290
20101025 61.94 62.17 61.10 61.31 1045128
20101026 60.01 60.51 59.74 60.20 1165155
20101027 59.00 59.33 58.69 58.78 1842284
20101028 59.54 59.87 59.36 59.80 643580
20101029 59.89 60.47 59.81 60.37 441869
20101101 60.74 60.91 59.97 60.33 498236
20101102 61.16 61.25 60.41 60.96 675254
20101103 59.24 59.55 58.07 59.14 1928345
20101104 60.14 60.46 59.94 60.10 1183700
20101105 59.13 59.39 58.60 59.08 1544822
20101108 58.10 58.65 57.91 58.35 1279763
20101109 58.93 59.26 57.85 58.02 1116290
20101110 58.17 58.32 57.12 58.12 726203
20101111 57.36 57.45 56.59 56.70 1003765
20101112 56.49 57.02 56.17 56.34 1120561
20101115 56.88 57.00 56.21 56.26 632120
20101116 55.93 56.09 54.83 55.13 593048
20101117 55.97 56.56 55.95 56.42 1047212
20101118 57.96 58.49 57.82 58.31 705157
20101119 58.12 58.46 57.75 58.41 632953
20101122 58.41 58.79 57.70 58.45 767775
20101123 57.21 57.35 56.30 56.84 1406667
20101124 56.56 56.81 56.30 56.34 839353
20101126 55.10 55.48 55.10 55.25 800907
20101129 54.00 54.28 53.44 53.77 3663939
20101130 52.33 53.13 52.28 52.73 3492651
20101201 53.58 54.55 53.44 54.36 4010474
20101202 54.18 55.62 54.13 55.48 2260919
20101203 55.43 55.93 55.26 55.69 1294142
20101206 55.08 55.33 54.85 55.15 1172135
20101207 56.10 56.15 55.36 55.37 1633384
20101208 55.25 55.57 54.83 55.23 628056
20101209 54.75 54.98 54.21 54.90 1532111
20101210 55.26 55.48 54.80 55.31 755168
20101213 55.40 55.73 55.32 55.53 693071
20101214 55.58 55.66 55.28 55.56 511259
20101215 55.04 55.39 54.63 54.82 752459
20101216 54.97 55.22 54.65 55.15 560645
20101217 55.04 55.08 54.41 55.08 559083
20101220 55.00 55.10 54.60 54.75 892594
20101221 55.05 55.38 54.89 55.31 644831
20101222 55.25 55.25 54.96 55.17 544288
20101223 54.74 55.21 54.74 55.00 597424
20101227 54.64 55.21 54.58 55.16 305380
20101228 55.07 55.21 54.69 54.71 316008
20101229 54.58 54.85 54.51 54.69 422594
20101230 55.19 55.31 54.87 55.02 354350
20101231 55.13 55.33 54.50 54.79 468125
20110103 55.31 55.42 54.85 55.31 860087
20110104 55.50 55.52 54.66 55.03 577420
20110105 53.96 54.96 53.89 54.54 1183284
20110106 55.36 55.52 54.54 54.78 1905736
20110107 54.37 54.60 54.08 54.32 1318835
20110110 54.18 54.45 53.93 54.33 552727
20110111 54.84 54.95 54.51 54.75 399568
20110112 55.06 55.96 54.76 55.77 818098
20110113 56.22 56.51 56.00 56.32 637850
20110114 55.08 55.63 55.05 55.58 988032
20110118 55.10 55.53 55.01 55.07 654208
20110119 55.19 55.23 54.33 54.56 705573
20110120 53.68 53.71 52.90 53.59 1707254
20110121 53.36 53.97 53.21 53.46 1281847
20110124 53.68 54.43 53.64 54.34 766316
20110125 54.70 55.35 54.52 55.23 1307895
20110126 55.14 55.55 54.92 55.15 704948
20110127 54.47 54.85 54.11 54.20 984906
20110128 53.58 53.61 52.70 52.86 1878646
20110131 53.13 53.56 52.92 53.09 1000118
20110201 53.31 53.64 53.23 53.43 877487
20110202 53.46 54.22 53.34 53.99 1182867
20110203 53.81 53.92 53.36 53.75 1198391
20110204 52.87 53.35 52.72 53.35 1269032
20110207 53.51 54.14 53.44 54.03 744749
20110208 54.28 54.53 53.98 54.20 2689556
20110209 53.87 54.21 53.54 53.89 1960852
20110210 53.11 53.61 52.94 53.52 953649
20110211 53.14 54.01 53.14 53.74 1820925
20110214 52.46 52.84 52.21 52.77 2252375
20110215 53.17 53.29 52.69 52.76 925518
20110216 52.93 53.06 52.50 52.77 2430644
20110217 52.48 52.77 52.23 52.69 1891774
20110218 52.41 52.73 52.25 52.69 1760599
20110222 52.63 53.07 52.23 52.32 3492859
20110223 53.37 53.47 52.80 53.08 2512329
20110224 53.08 53.38 52.69 52.95 2026388
20110225 52.78 53.03 52.77 52.98 1504918
20110228 53.30 53.85 53.15 53.78 740269
20110301 54.53 54.71 53.87 53.97 1318939
20110302 53.93 54.19 53.41 53.84 1358218
20110303 55.08 55.55 54.68 55.49 3694466
20110304 56.17 56.29 55.40 55.71 2017219
20110307 55.51 55.66 54.60 54.77 1395727
20110308 54.51 55.09 54.35 55.00 1021268
20110309 55.55 55.75 55.21 55.31 861754
20110310 54.78 55.07 54.41 54.71 1550344
20110311 54.23 54.95 54.23 54.76 900096
20110314 54.13 54.42 54.04 54.37 826017
20110315 52.12 53.26 51.96 52.93 2476696
20110316 52.87 52.97 51.43 51.73 2344479
20110317 53.10 53.30 52.54 52.66 1249965
20110318 53.81 53.81 52.69 52.83 1511794
20110321 54.21 54.28 53.68 54.21 760898
20110322 54.04 54.11 53.56 53.75 666711
20110323 53.59 54.47 53.28 54.31 836227
20110324 54.67 55.40 54.52 55.12 817994
20110325 55.39 55.58 55.08 55.16 927706
20110328 55.00 55.00 54.29 54.53 692966
20110329 54.48 54.91 54.14 54.61 2540773
20110330 54.92 55.30 54.79 55.25 1016163
20110331 54.89 55.03 54.64 54.87 1064091
20110401 55.73 56.66 55.61 56.49 1614734
20110404 57.46 57.47 57.03 57.16 711200
20110405 56.77 57.50 56.70 57.43 685986
20110406 57.12 57.79 57.11 57.46 496777
20110407 56.43 57.00 56.39 56.87 1264343
20110408 57.12 57.13 56.49 56.66 706094
20110411 56.75 57.28 56.71 57.03 570752
20110412 57.30 57.33 56.58 57.04 861129
20110413 57.70 58.09 57.54 57.76 773505
20110414 57.37 58.19 57.30 58.17 1649950
20110415 58.23 59.12 58.12 59.07 1248819
20110418 57.02 58.16 56.90 58.06 3714158
20110419 59.13 59.98 59.13 59.82 2360524
20110420 60.21 60.42 59.10 59.30 1505022
20110421 59.92 60.18 59.61 60.10 636322
20110425 59.96 60.45 59.91 60.03 652987
20110426 60.98 61.62 60.63 61.20 1124606
20110427 61.75 62.24 61.21 62.06 838036
20110428 61.85 62.39 61.84 62.36 1339814
20110429 62.12 62.65 62.10 62.57 802559
20110502 62.70 63.12 62.40 62.53 1045270
20110503 61.92 62.55 61.73 62.00 887416
20110504 61.22 61.39 59.26 59.65 2858236
20110505 58.34 58.78 57.86 58.36 2809163
20110506 58.52 58.77 57.63 58.05 2256266
20110509 57.63 58.10 57.36 57.90 1204555
20110510 57.93 58.34 57.83 57.95 673741
20110511 57.36 57.41 56.63 56.98 1665336
20110512 57.40 58.18 57.00 57.88 836298
20110513 58.33 58.81 57.66 58.25 1627918
20110516 58.33 58.94 58.14 58.21 1217130
20110517 58.14 58.97 58.07 58.69 1157628
20110518 58.70 58.89 58.49 58.68 863697
20110519 58.89 59.13 58.51 59.09 1011327
20110520 59.49 59.51 58.71 59.12 777307
20110523 57.29 57.63 56.95 57.16 848055
20110524 57.44 57.53 57.14 57.33 595121
20110525 56.76 57.54 56.71 57.20 595325
20110526 57.31 57.48 56.39 57.03 686930
20110527 57.26 57.57 57.08 57.41 545536
20110531 58.92 59.18 58.40 59.16 1024822
20110601 59.58 59.63 58.10 58.26 1062037
20110602 58.39 58.59 57.40 57.83 1036477
20110603 57.42 58.38 57.35 58.17 878317
20110606 57.62 57.88 57.36 57.47 668322
20110607 58.12 58.14 57.51 57.54 392896
20110608 57.62 57.76 57.03 57.32 780988
20110609 57.20 57.65 57.01 57.39 538584
20110610 56.85 56.92 55.76 55.83 936285
20110613 56.23 56.44 55.76 55.98 517319
20110614 56.86 57.23 56.52 56.65 954892
20110615 55.35 55.71 54.68 55.22 1621068
20110616 54.76 55.30 54.58 54.79 1031468
20110617 56.33 56.33 55.68 55.76 937512
20110620 55.95 56.30 55.64 55.98 554737
20110621 56.63 56.67 56.28 56.49 937410
20110622 55.52 55.99 55.50 55.58 1115098
20110623 54.99 55.47 54.45 55.42 1164580
20110624 54.85 55.04 54.13 54.43 2087473
20110627 54.88 55.46 54.71 54.95 1452173
20110628 55.87 56.16 55.35 55.98 995072
20110629 56.25 56.61 55.81 56.42 1398703
20110630 55.94 56.88 55.83 56.74 980656
20110701 56.39 57.11 56.28 56.80 1276427
20110705 57.56 57.56 56.50 56.81 1473131
20110706 56.60 56.69 56.12 56.69 682431
20110707 57.34 57.77 57.07 57.61 1539994
20110708 56.57 57.02 55.97 56.35 1138714
20110711 54.20 54.86 54.18 54.55 2549277
20110712 53.37 54.02 53.31 53.53 4089680
20110713 52.88 53.91 52.86 53.47 2359832
20110714 54.69 54.74 53.65 53.93 2474337
20110715 54.18 54.98 54.10 54.91 2094425
20110718 54.12 54.44 53.56 54.19 2384777
20110719 54.63 55.50 54.45 55.28 2375167
20110720 55.67 55.91 55.28 55.75 1679138
20110721 56.47 57.05 56.27 56.92 1600212
20110722 57.71 58.05 57.34 57.95 2062731
20110725 58.24 58.38 57.78 57.81 1461272
20110726 58.40 58.45 57.94 58.03 1776672
20110727 57.66 57.79 56.62 56.75 1432850
20110728 56.97 57.68 56.91 57.22 1322332
20110729 56.40 57.06 56.16 56.32 1346766
20110801 57.48 57.51 55.49 56.12 1625362
20110802 55.57 56.08 54.76 54.78 1231545
20110803 54.99 55.05 54.05 54.72 1653273
20110804 53.49 53.94 51.88 52.01 5741930
20110805 52.53 53.83 51.44 53.13 4817095
20110808 51.19 51.51 49.90 50.22 5811758
20110809 50.77 51.69 49.66 51.67 3542814
20110810 50.30 50.51 48.31 48.63 6062340
20110811 48.04 50.72 47.98 50.38 5211116
20110812 53.42 53.79 52.66 53.39 3459594
20110815 53.99 54.48 53.80 54.26 1571790
20110816 54.21 55.37 54.16 54.62 1753362
20110817 55.53 55.90 54.73 54.99 2065696
20110818 53.62 53.76 52.91 53.49 5500651
20110819 52.46 53.93 52.45 52.69 3750969
20110822 54.57 54.58 53.08 53.20 1444709
20110823 53.62 54.33 53.14 54.33 1251175
20110824 51.91 53.00 51.87 52.97 1753158
20110825 52.89 53.29 51.81 52.14 1312619
20110826 51.57 52.92 51.15 52.71 987302
20110829 53.69 53.69 53.02 53.52 870956
20110830 53.24 53.82 52.90 53.58 830266
20110831 54.21 54.56 53.70 54.05 1053347
20110901 53.64 54.04 53.10 53.56 1421195
20110902 52.97 53.56 52.78 53.18 813090
20110906 50.52 51.84 50.50 51.73 2832677
20110907 51.59 52.20 51.43 52.20 1491534
20110908 51.89 52.28 51.52 51.57 1756123
20110909 50.29 50.64 49.61 49.92 1912647
20110912 48.30 49.16 48.21 49.12 3027950
20110913 48.41 49.26 48.35 49.07 3282417
20110914 48.88 49.85 48.12 49.40 1551649
20110915 50.05 50.62 49.68 50.37 1816238
20110916 51.14 51.45 50.60 51.40 2240214
20110919 50.00 50.73 49.95 50.52 1471904
20110920 51.14 52.05 51.01 51.42 1266919
20110921 51.54 51.57 50.31 50.32 1105999
20110922 48.14 49.21 48.01 48.91 1701631
20110923 49.07 50.36 49.06 50.05 1158139
20110926 50.59 51.52 50.16 51.46 1898743
20110927 52.45 53.43 52.12 52.84 1805605
20110928 53.61 53.80 52.24 52.31 1338996
20110929 53.11 53.19 52.01 52.72 1195251
20110930 51.89 52.57 51.75 51.82 1881261
20111003 51.99 52.54 51.41 51.41 2127345
20111004 51.44 52.35 51.06 52.32 2351448
20111005 51.90 52.03 51.26 51.81 1973683
20111006 50.69 52.14 50.43 52.11 2004354
20111007 50.42 51.45 50.38 50.63 2506030
20111010 52.24 52.57 52.17 52.55 955915
20111011 51.99 52.52 51.88 52.45 1076043
20111012 53.10 53.25 52.78 52.89 1426613
20111013 52.95 53.38 52.61 53.30 895595
20111014 54.29 54.56 53.95 54.16 1356377
20111017 53.72 53.77 52.86 52.92 2358094
20111018 52.84 54.28 52.39 53.84 1431827
20111019 53.57 53.84 53.04 53.13 944158
20111020 53.49 53.61 52.84 53.35 1866027
20111021 54.36 54.58 54.01 54.56 1139328
20111024 54.07 54.98 54.05 54.77 873614
20111025 54.13 54.22 53.55 53.67 976055
20111026 54.18 54.20 52.92 54.06 1389092
20111027 56.06 56.13 54.99 55.66 2271090
20111028 55.74 55.78 55.02 55.51 1419764
20111031 55.39 55.40 54.19 54.26 1312517
20111101 53.23 54.11 52.86 53.47 1281130
20111102 53.40 53.50 52.65 52.90 1176235
20111103 53.67 54.35 53.10 54.28 997116
20111104 53.79 54.02 53.02 53.33 644195
20111107 53.62 54.27 53.38 54.00 1292785
20111108 55.17 55.94 54.96 55.75 1767471
20111109 55.25 55.28 54.32 54.98 1740685
20111110 55.92 56.32 55.39 56.20 1985236
20111111 57.42 58.17 57.39 57.99 1823395
20111114 56.49 56.92 56.06 56.38 1454729
20111115 56.13 56.53 55.75 56.22 967059
20111116 56.42 56.71 55.95 56.03 1149756
20111117 56.31 56.43 55.44 55.88 1317731
20111118 56.65 56.84 56.13 56.47 1265488
20111121 55.80 56.23 55.28 56.07 795812
20111122 56.45 57.14 56.17 56.92 1604403
20111123 56.02 56.37 55.50 55.63 1570563
20111125 54.81 55.69 54.77 55.11 537766
20111128 57.09 57.09 56.55 56.95 984132
20111129 57.09 57.51 56.74 57.16 935365
20111130 58.25 58.69 58.03 58.69 1576288
20111201 59.41 59.65 58.29 58.50 2347256
20111202 58.54 58.69 58.02 58.60 1210382
20111205 59.36 59.53 58.49 58.88 911748
20111206 58.15 58.64 57.87 58.39 922688
20111207 57.95 58.99 57.67 58.85 801639
20111208 58.58 58.76 57.89 58.06 1234817
20111209 57.65 58.15 57.59 58.02 1061219
20111212 57.61 57.78 56.98 57.25 890074
20111213 56.95 57.37 56.38 56.54 1319878
20111214 56.64 56.93 55.82 56.13 782317
20111215 56.59 57.11 56.42 56.80 1212529
20111216 56.21 56.78 56.02 56.69 2660306
20111219 56.85 57.68 56.80 57.23 1311086
20111220 57.88 58.35 57.66 57.89 1063877
20111221 57.71 57.99 57.45 57.73 1538256
20111222 58.11 58.47 57.68 58.41 512718
20111223 58.75 58.88 58.34 58.72 454545
20111227 59.02 59.60 58.94 59.38 817077
20111228 59.58 59.58 58.72 58.82 439823
20111229 59.25 59.91 59.08 59.87 619453
20111230 59.91 60.16 59.54 59.66 868605
20120103 60.13 60.43 59.77 60.03 808591
20120104 58.95 59.10 58.40 58.71 847544
20120105 58.58 58.88 58.34 58.64 696438
20120106 58.72 58.72 57.49 57.63 809000
20120109 59.02 59.65 58.85 59.55 1304031
20120110 60.27 60.37 59.65 59.79 1279290
20120111 58.77 59.21 58.44 59.19 889052
20120112 59.73 59.85 59.36 59.66 998241
20120113 57.93 58.39 57.93 58.32 1061219
20120117 59.69 59.76 59.26 59.41 638776
20120118 60.30 60.62 59.96 60.60 859096
20120119 60.31 61.09 60.23 61.08 1477834
20120120 60.15 60.78 59.99 60.75 1507687
20120123 60.26 60.77 59.48 59.80 1494499
20120124 59.52 60.12 59.23 60.10 1282766
20120125 59.80 60.86 59.66 60.81 939250
20120126 60.97 61.21 60.38 60.54 1254651
20120127 59.96 60.32 59.93 60.20 1075430
20120130 59.85 59.95 59.62 59.77 908272
20120131 59.86 59.88 59.20 59.47 1075021
20120201 60.42 61.54 60.27 61.37 1626078
20120202 61.53 61.81 61.22 61.63 1624748
20120203 62.06 63.23 62.03 63.15 1996277
20120206 62.27 62.94 62.08 62.65 2194310
20120207 63.06 63.54 62.94 63.40 2354413
20120208 63.26 63.49 62.91 63.04 858176
20120209 63.61 63.88 63.20 63.82 1370179
20120210 62.69 62.92 62.60 62.86 901729
20120213 63.32 63.72 63.22 63.56 1081155
20120214 63.73 63.87 63.01 63.29 1009589
20120215 63.34 63.49 62.68 62.82 722712
20120216 63.25 64.07 63.07 63.94 1526397
20120217 63.95 64.24 63.74 63.94 642354
20120221 64.37 64.54 63.82 64.06 531734
20120222 64.16 64.53 63.85 64.31 1139737
20120223 64.46 64.62 63.96 64.56 1166625
20120224 64.66 65.03 64.48 64.80 769537
20120227 64.36 64.83 64.26 64.55 477037
20120228 65.31 65.60 65.13 65.39 961231
20120229 66.64 66.66 65.60 65.78 1127775
20120301 66.55 67.05 66.35 66.92 1490307
20120302 66.16 66.23 65.31 65.42 890279
20120305 66.32 66.32 65.45 65.78 1492249
20120306 65.05 65.21 64.33 64.44 2247984
20120307 65.05 65.49 64.79 65.41 1201386
20120308 67.30 68.40 67.08 68.04 1906616
20120309 68.04 68.37 67.94 68.04 1058765
20120312 68.66 69.43 68.51 69.34 1423240
20120313 69.46 70.13 69.36 70.12 1984827
20120314 70.08 70.44 69.72 69.87 1991268
20120315 69.92 69.96 69.60 69.84 1656749
20120316 70.71 70.90 70.32 70.76 1758474
20120319 70.43 70.95 70.33 70.81 1004886
20120320 70.42 70.80 70.33 70.80 789984
20120321 71.04 71.11 70.61 70.87 839671
20120322 70.72 71.03 70.40 71.03 997627
20120323 70.44 70.63 69.84 70.57 841921
20120326 71.26 71.88 71.20 71.87 1058356
20120327 71.62 71.77 71.23 71.30 1301987
20120328 71.37 71.37 70.40 70.76 870956
20120329 70.13 70.44 69.63 70.42 1822372
20120330 70.89 71.47 70.81 71.13 1170408
20120402 70.99 71.88 70.91 71.81 609741
20120403 72.22 72.68 71.62 71.91 953972
20120404 69.63 70.11 69.10 69.81 2025210
20120405 68.72 69.41 68.53 69.30 1364965
20120409 68.61 69.45 68.60 69.12 926880
20120410 69.31 69.42 68.54 68.54 1516786
20120411 69.68 69.77 69.34 69.53 929640
20120412 70.08 70.86 69.99 70.71 1261910
20120413 69.71 69.76 68.69 69.31 952745
20120416 70.40 70.86 70.02 70.50 1262421
20120417 71.13 71.24 70.68 70.86 2552037
20120418 71.12 72.24 71.09 72.24 2796996
20120419 71.75 72.09 71.33 71.60 1785567
20120420 71.71 71.97 71.11 71.19 1113973
20120423 70.29 70.50 69.70 70.37 749294
20120424 71.22 71.76 70.98 71.45 1118600
20120425 72.26 72.29 71.65 71.80 1140300
20120426 72.37 72.91 72.06 72.65 893000
20120427 72.69 73.17 72.57 72.64 861600
20120430 71.90 72.64 71.33 72.62 2093800
20120501 72.93 74.15 72.68 73.21 1348300
20120502 72.93 73.15 72.69 72.92 890300
20120503 74.98 75.07 74.25 74.33 2300000
20120504 73.80 74.03 73.07 73.56 1601800
20120507 74.32 75.08 74.26 74.92 1589600
20120508 73.12 73.48 72.37 72.80 1278800
20120509 71.49 71.97 70.95 71.71 1446400
20120510 71.75 72.08 71.45 71.56 1007000
20120511 71.46 72.66 71.36 71.95 503900
20120514 70.64 71.62 70.50 71.49 1817900
20120515 70.72 71.02 70.31 70.83 1739900
20120516 69.83 70.65 69.71 70.10 3142200
20120517 69.95 70.24 69.30 69.39 3000900
20120518 68.72 68.81 67.80 68.33 2565500
20120521 68.15 68.83 67.89 68.72 1785500
20120522 68.86 69.19 68.31 68.64 2113000
20120523 67.34 67.77 66.69 67.59 3600000
20120524 67.82 68.84 67.66 68.62 4218900
20120525 67.91 68.69 67.73 68.28 1865800
20120529 69.01 69.08 68.54 68.95 1304700
20120530 68.14 68.31 67.36 67.52 1587600
20120531 68.06 68.06 66.97 67.70 1326200
20120601 65.76 66.14 64.99 65.57 3397400
20120604 66.06 66.50 65.62 65.95 1457900
20120605 65.71 66.12 65.55 66.02 1442600
20120606 67.05 68.12 66.82 68.12 1151100
20120607 68.62 68.62 67.20 67.60 1747500
20120608 67.65 68.13 67.51 68.13 1566000
20120611 68.36 68.57 67.13 67.20 2043200
20120612 68.40 69.11 67.76 69.01 1669300
20120613 69.97 70.40 69.32 69.94 4427500
20120614 70.71 71.74 70.60 71.33 1738600
20120615 71.13 71.25 70.71 70.97 1114300
20120618 70.44 70.99 70.28 70.77 1119500
20120619 70.17 71.81 70.17 71.29 636100
20120620 69.67 70.64 69.67 70.19 1296200
20120621 70.81 70.89 69.41 69.45 669500
20120622 70.03 70.44 69.52 70.29 919600
20120625 71.52 71.76 69.67 70.85 2260600
20120626 72.17 72.83 71.79 72.67 1984200
20120627 72.73 73.58 72.45 73.35 2234000
20120628 72.53 73.79 72.23 73.79 1231000
20120629 76.81 79.65 76.52 79.65 5290100
20120702 78.80 79.35 78.73 79.30 2122000
20120703 79.18 79.57 78.68 79.51 955700
20120705 77.94 78.68 77.60 78.24 1651700
20120706 77.65 78.03 77.33 77.80 1117900
20120709 77.67 77.84 76.95 77.77 1797600
20120710 78.61 78.90 77.98 78.33 1132600
20120711 77.53 77.71 76.72 77.17 2014600
20120712 76.69 77.10 76.60 76.73 1189900
20120713 76.54 77.57 76.54 77.47 1189700
20120716 76.51 77.52 76.44 77.26 1075300
20120717 77.76 77.84 76.70 77.28 855900
20120718 77.60 78.61 77.46 78.51 1038100
20120719 79.60 79.65 79.24 79.44 1083100
20120720 77.78 78.04 77.40 77.87 836700
20120723 76.58 77.07 76.17 76.97 933300
20120724 76.72 77.20 76.27 76.80 1128800
20120725 76.69 77.02 76.35 76.64 975200
20120726 79.74 80.34 79.41 80.01 1998100
20120727 81.51 81.69 80.69 81.08 1730700
20120730 81.31 81.59 80.88 81.07 1528800
20120731 79.04 80.24 78.87 79.22 1969400
20120801 81.24 84.05 79.65 79.88 7475500
20120802 79.52 80.33 78.90 78.99 1232900
20120803 81.15 82.09 80.67 81.75 2738500
20120806 82.56 82.56 81.68 81.97 1036300
20120807 83.55 83.61 82.27 82.75 1050100
20120808 82.28 82.58 81.94 82.22 897900
20120809 81.89 82.04 81.54 81.90 933000
20120810 80.51 81.10 80.30 81.09 912100
20120813 81.31 81.36 80.53 80.90 600200
20120814 80.98 81.07 80.48 80.56 369100
20120815 81.21 81.33 80.81 81.13 503900
20120816 80.63 81.24 80.53 81.08 423400
20120817 81.29 81.32 80.68 80.98 508300
20120820 81.82 81.87 81.19 81.46 943600
20120821 82.24 82.34 81.38 81.66 1291000
20120822 80.81 81.78 80.80 81.57 1030000
20120823 80.58 80.95 80.37 80.94 935100
20120824 80.73 82.47 80.73 82.24 1311200
20120827 82.37 82.92 82.22 82.62 919800
20120828 83.19 84.09 83.07 84.01 1263200
20120829 83.74 83.98 83.51 83.81 1297400
20120830 83.76 84.06 83.04 83.35 1066500
20120831 84.27 84.65 83.75 84.18 977700
20120904 86.27 86.40 85.10 85.47 1636400
20120905 86.84 86.89 85.89 86.29 1463600
20120906 87.61 88.26 87.38 87.54 2077000
20120907 88.63 88.79 86.54 86.95 2137700
20120910 83.96 84.86 83.92 84.27 1300000
20120911 84.97 85.65 84.50 85.03 1505700
20120912 84.47 84.64 83.78 83.98 1212200
20120913 84.00 85.48 83.75 85.29 1003200
20120914 85.63 85.77 85.03 85.37 1098900
20120917 85.48 85.78 84.79 85.17 1937100
20120918 85.91 86.43 85.73 86.11 1454800
20120919 86.81 86.89 85.99 86.55 1393800
20120920 86.38 87.03 86.24 87.00 792400
20120921 87.40 87.46 86.80 87.01 723300
20120924 86.48 86.89 86.23 86.82 409200
20120925 87.75 87.80 86.38 86.46 1119800
20120926 87.67 87.70 86.84 87.54 919800
20120927 86.51 86.75 85.69 86.66 1111600
20120928 86.14 86.32 84.94 85.91 1208900
20121001 86.29 86.60 85.40 85.55 799800
20121002 88.22 88.67 88.00 88.43 1412000
20121003 87.61 88.85 87.43 88.38 2849000
20121004 88.91 88.97 88.37 88.67 1061100
20121005 90.33 91.21 90.04 90.27 2497200
20121008 89.58 89.94 89.44 89.65 491700
20121009 88.48 88.74 87.27 87.31 1153900
20121010 86.89 87.44 86.45 86.74 732200
20121011 86.79 87.78 86.69 86.92 699900
20121012 87.34 87.51 86.58 86.82 1097900
20121015 87.45 87.54 86.53 86.91 1663500
20121016 88.14 89.02 87.97 88.87 1869500
20121017 89.08 89.33 88.45 88.55 2077400
20121018 87.40 87.43 86.24 86.37 1097900
20121019 86.40 86.42 85.30 85.57 1078200
20121022 86.40 86.47 85.76 86.18 851000
20121023 86.19 86.30 85.42 86.09 607000
20121024 86.22 86.67 85.22 85.46 994800
20121025 85.98 86.03 85.07 85.53 493400
20121026 85.45 85.79 84.99 85.21 900600
20121031 85.33 85.37 83.58 83.80 1627900
20121101 83.97 84.00 82.60 82.78 1633300
20121102 83.69 83.88 83.34 83.44 845500
