20060103 20.72 22.18 20.72 21.21 8159192
20060104 21.26 21.26 20.92 21.05 10995050
20060105 21.05 21.40 20.91 21.34 9933225
20060106 21.45 22.10 21.42 22.04 9202610
20060109 21.86 22.03 21.73 21.88 9708629
20060110 21.94 21.99 21.39 21.50 11219151
20060111 21.58 21.65 21.09 21.19 8575151
20060112 20.93 21.17 20.63 21.04 9497005
20060113 21.01 21.05 20.62 20.62 6002680
20060117 20.36 20.77 20.24 20.28 7692335
20060118 20.24 20.78 20.10 20.78 6822861
20060119 20.75 20.81 20.51 20.70 6203556
20060120 20.52 20.82 20.17 20.22 6257049
20060123 20.48 20.96 20.28 20.90 7859237
20060124 21.05 21.86 20.88 21.77 10583662
20060125 21.86 21.86 21.12 21.37 6999400
20060126 21.49 21.94 21.43 21.70 9321455
20060127 21.65 22.14 21.39 21.69 9793748
20060130 21.73 22.22 21.61 22.07 6966538
20060131 21.99 21.99 21.07 21.15 7952386
20060201 21.05 21.50 21.01 21.16 5403388
20060202 21.14 21.29 20.62 20.76 8404172
20060203 20.72 21.06 20.54 20.77 6685485
20060206 20.77 21.11 20.75 20.92 4614833
20060207 21.01 21.16 20.67 20.67 4103130
20060208 20.67 21.10 20.67 21.06 4647324
20060209 20.88 21.05 20.67 20.75 4501794
20060210 20.71 20.76 20.47 20.61 4812126
20060213 20.44 20.75 20.36 20.67 3330141
20060214 20.60 20.91 20.46 20.72 5279972
20060215 20.82 20.89 20.68 20.73 2451279
20060216 20.68 20.71 20.32 20.36 5129871
20060217 20.28 21.01 20.26 20.92 6651141
20060221 21.05 21.06 20.37 20.48 5630825
20060222 20.60 20.66 20.37 20.42 8858922
20060223 20.42 20.68 20.12 20.40 7345929
20060224 20.40 20.59 19.98 19.98 9639744
20060227 19.98 20.41 19.98 20.23 9431797
20060228 20.09 20.16 19.86 19.93 6113224
20060301 19.96 20.15 19.72 20.08 5555301
20060302 19.75 19.79 19.48 19.60 9978059
20060303 19.60 19.80 19.43 19.53 5097300
20060306 19.55 19.92 19.47 19.53 5740416
20060307 19.54 19.91 19.53 19.84 5830764
20060308 19.84 19.89 19.57 19.67 5185561
20060309 19.63 19.71 19.49 19.52 3818187
20060310 19.67 19.74 19.45 19.51 4535325
20060313 19.59 19.77 19.56 19.57 4187927
20060314 19.57 19.65 19.51 19.52 4123726
20060315 19.59 19.92 19.46 19.83 3956656
20060316 19.96 19.96 19.67 19.73 3930263
20060317 19.84 20.16 19.68 20.06 5424321
20060320 19.94 20.04 19.76 19.88 3652222
20060321 20.01 20.20 20.00 20.19 7763058
20060322 20.22 20.44 20.16 20.43 8804393
20060323 20.37 20.37 20.24 20.28 4482418
20060324 20.16 20.41 20.15 20.39 5426285
20060327 20.24 20.40 20.00 20.19 5424934
20060328 20.12 20.18 19.73 19.89 5712673
20060329 19.88 19.99 19.74 19.91 7106439
20060330 20.00 20.11 19.71 19.75 6569507
20060331 19.74 19.86 19.53 19.53 7238647
20060403 19.63 20.15 19.59 20.12 5734524
20060404 20.04 20.20 19.95 20.18 4354015
20060405 20.26 20.37 20.10 20.28 6653226
20060406 20.20 20.77 20.17 20.75 8768794
20060407 20.73 20.74 20.36 20.48 5101965
20060410 20.45 20.50 20.26 20.28 6602037
20060411 20.37 20.37 19.90 20.04 3964144
20060412 20.08 20.20 19.98 19.98 2539198
20060413 19.91 20.28 19.90 20.24 2203707
20060417 20.32 20.32 19.97 20.13 2913479
20060418 20.20 20.29 19.69 20.20 5869187
20060419 20.19 20.22 19.86 20.01 4062471
20060420 20.02 20.13 19.90 19.98 4622973
20060421 20.12 20.24 19.96 20.21 3822116
20060424 20.14 20.31 20.12 20.21 2387963
20060425 20.28 20.67 20.08 20.67 4979700
20060426 20.69 20.84 20.39 20.49 7247363
20060427 20.51 20.85 20.47 20.77 4928757
20060428 20.77 20.83 20.64 20.75 6066577
20060501 20.77 21.19 20.75 21.00 6026314
20060502 21.06 21.10 20.77 20.81 8040118
20060503 20.82 21.02 20.80 20.98 5803881
20060504 20.98 21.30 20.94 21.21 3297827
20060505 21.25 21.54 21.22 21.49 3282237
20060508 21.59 21.84 21.56 21.67 6471793
20060509 21.77 21.83 21.68 21.73 5190840
20060510 21.81 21.81 21.38 21.42 5041569
20060511 21.42 21.47 21.09 21.12 4358189
20060512 20.81 21.22 20.72 20.90 4510160
20060515 20.81 21.02 20.57 20.90 3658114
20060516 21.01 21.53 20.99 21.45 6186264
20060517 21.38 21.60 20.99 21.02 6315280
20060518 20.37 21.07 20.37 20.65 3887421
20060519 20.77 20.77 20.36 20.54 8070684
20060522 20.60 20.81 20.45 20.58 4908747
20060523 20.53 20.53 20.22 20.24 4658326
20060524 20.37 20.85 20.30 20.69 4573134
20060525 20.85 21.45 20.77 21.42 10359951
20060526 21.49 21.59 21.21 21.34 4604559
20060530 21.18 21.25 20.77 20.78 7734579
20060531 20.78 21.12 20.75 21.11 6241749
20060601 21.11 21.88 21.08 21.85 5186351
20060602 22.05 22.05 21.57 21.68 3149722
20060605 21.68 22.03 21.52 21.79 6581527
20060606 21.79 22.05 21.34 21.56 3634895
20060607 21.70 21.98 21.54 21.89 9305199
20060608 21.95 22.12 21.73 21.78 9623000
20060609 21.62 21.74 21.03 21.12 5574855
20060612 21.53 21.66 21.12 21.12 4269033
20060613 21.16 21.39 21.11 21.16 5180256
20060614 21.37 21.54 21.12 21.19 4848315
20060615 21.18 21.56 20.98 21.55 3217866
20060616 21.47 21.54 21.02 21.32 4276103
20060619 21.37 21.42 21.26 21.30 3677561
20060620 21.36 21.46 21.16 21.16 4222101
20060621 21.14 21.41 21.10 21.36 3678902
20060622 21.40 21.45 21.19 21.29 2897262
20060623 21.21 21.83 21.18 21.74 7273447
20060626 21.72 21.82 21.61 21.74 4626330
20060627 21.82 21.93 21.55 21.76 4559527
20060628 21.92 21.92 21.61 21.85 7543584
20060629 22.11 22.14 21.93 22.08 6074168
20060630 22.16 22.35 22.16 22.19 6548248
20060703 22.27 22.31 22.15 22.24 1816472
20060705 22.19 22.20 21.83 21.94 5353723
20060706 22.15 22.17 21.94 22.04 2472918
20060707 22.07 22.49 21.98 22.47 6457187
20060710 22.53 22.67 22.31 22.45 3648304
20060711 22.46 22.58 22.39 22.50 4108731
20060712 22.54 22.67 21.93 22.59 3098279
20060713 22.59 22.64 22.00 22.11 4828688
20060714 22.03 22.03 21.63 21.76 3740707
20060717 21.74 21.93 21.62 21.85 2208146
20060718 21.85 22.01 21.66 21.74 1884738
20060719 21.82 22.07 21.66 21.78 3488246
20060720 21.70 21.80 21.61 21.64 3033549
20060721 21.64 21.76 21.42 21.52 3501046
20060724 21.66 21.85 21.48 21.76 2462069
20060725 21.78 22.15 21.76 22.04 3205188
20060726 21.99 22.08 21.84 21.86 2537161
20060727 21.94 22.11 21.88 22.01 1936546
20060728 22.04 22.37 21.90 22.35 2369301
20060731 22.35 22.51 22.16 22.50 3636236
20060801 22.35 22.37 21.90 22.01 3689020
20060802 22.01 22.40 21.98 22.27 2266293
20060803 21.94 21.95 20.94 21.62 12181250
20060804 21.62 21.90 21.16 21.16 8088123
20060807 21.31 21.60 21.30 21.45 5806958
20060808 21.57 21.67 21.43 21.53 4488580
20060809 21.62 21.66 21.48 21.53 7357316
20060810 21.48 21.79 21.48 21.74 6398064
20060811 21.74 21.80 21.47 21.63 3823357
20060814 21.66 22.44 21.61 22.36 10097079
20060815 22.53 22.71 22.39 22.67 4614627
20060816 22.76 22.83 22.50 22.61 3307342
20060817 22.52 22.75 22.39 22.52 3104374
20060818 22.53 22.65 22.36 22.58 3158134
20060821 22.55 22.76 22.53 22.73 2338094
20060822 22.74 23.13 22.64 23.12 6234105
20060823 23.12 23.34 22.90 23.25 4467491
20060824 23.25 23.38 23.14 23.20 3193851
20060825 23.09 23.46 22.99 23.35 2844234
20060828 23.58 23.95 23.45 23.74 6619195
20060829 23.77 23.96 23.62 23.90 5180653
20060830 23.89 23.93 23.54 23.80 2482341
20060831 23.80 23.85 23.58 23.58 2967550
20060901 23.81 23.95 23.72 23.84 2924332
20060905 23.96 23.96 23.58 23.62 3814488
20060906 23.58 23.65 23.24 23.38 5216245
20060907 23.46 23.63 23.20 23.24 3925863
20060908 23.15 23.53 23.13 23.51 3197323
20060911 23.52 24.20 23.42 24.17 3326615
20060912 24.18 24.60 24.05 24.24 4960565
20060913 24.12 24.25 23.24 23.77 4351027
20060914 23.77 23.87 23.46 23.58 3330852
20060915 23.67 23.91 23.43 23.61 4120044
20060918 23.67 23.71 23.53 23.68 2022433
20060919 23.86 24.01 23.53 23.66 4401509
20060920 23.83 23.91 23.52 23.59 4035665
20060921 23.59 23.81 23.18 23.34 3117907
20060922 23.36 23.48 23.22 23.32 2136593
20060925 23.42 23.76 23.20 23.67 3783617
20060926 23.71 23.77 23.28 23.76 3922837
20060927 23.77 23.79 23.44 23.50 5218424
20060928 23.50 23.60 23.29 23.30 4966376
20060929 23.21 23.54 23.21 23.27 3359907
20061002 23.48 23.58 23.40 23.40 4010484
20061003 23.41 23.72 23.37 23.48 3057982
20061004 23.53 23.65 23.25 23.52 3004353
20061005 23.34 23.70 23.31 23.67 3628781
20061006 23.66 23.74 23.35 23.52 3046966
20061009 23.42 23.61 23.24 23.59 2465634
20061010 23.59 23.59 23.32 23.43 3045634
20061011 23.46 23.86 23.46 23.63 4186990
20061012 23.70 23.70 23.34 23.39 3306035
20061013 23.54 23.62 23.23 23.25 4265559
20061016 23.13 23.44 22.86 23.23 5072304
20061017 22.58 23.37 22.58 23.22 3206160
20061018 23.32 23.47 23.19 23.29 2186833
20061019 23.13 23.33 23.10 23.29 3495131
20061020 23.37 23.43 23.00 23.07 5246873
20061023 23.09 23.43 23.01 23.26 3032318
20061024 23.20 23.42 23.13 23.41 4319551
20061025 23.46 23.82 23.40 23.63 2968035
20061026 23.81 24.20 23.72 24.04 5134771
20061027 23.96 24.07 23.73 23.93 2635482
20061030 23.96 24.04 23.80 23.96 2325205
20061031 24.00 24.10 23.79 23.91 3602632
20061101 23.96 24.00 23.61 23.80 4095590
20061102 23.61 23.92 23.53 23.73 4390735
20061103 23.74 23.87 23.45 23.55 3532902
20061106 23.76 24.15 23.55 24.08 5955075
20061107 24.03 24.33 23.81 24.29 4612275
20061108 24.29 24.55 24.20 24.45 4022954
20061109 24.53 24.68 24.31 24.61 2718529
20061110 24.61 24.84 24.47 24.67 4408531
20061113 24.62 24.82 24.51 24.79 2007058
20061114 24.80 24.87 24.37 24.43 2827241
20061115 24.60 24.67 24.42 24.48 2303414
20061116 24.66 24.81 24.46 24.60 2493357
20061117 24.49 24.73 24.41 24.62 2231867
20061120 24.07 24.82 24.07 24.60 2365033
20061121 24.45 24.53 24.30 24.48 3241873
20061122 24.57 25.58 24.57 25.24 6418494
20061124 25.19 25.21 25.02 25.02 1027196
20061127 24.99 25.05 24.77 24.79 3097085
20061128 24.78 25.16 24.66 24.99 7107701
20061129 24.99 25.16 24.91 24.97 5009639
20061130 24.97 25.03 24.72 24.74 4061561
20061201 24.82 24.98 24.49 24.74 4120004
20061204 24.95 25.39 24.93 25.11 4415948
20061205 25.11 25.78 25.07 25.74 4579853
20061206 25.76 25.82 25.41 25.55 2625614
20061207 25.65 25.78 25.53 25.73 2803469
20061208 25.65 25.79 25.48 25.72 2880431
20061211 25.76 26.05 25.73 26.04 3840174
20061212 26.05 26.15 25.74 26.03 3545192
20061213 26.19 26.24 25.84 26.10 3278951
20061214 26.14 26.44 26.02 26.28 3553730
20061215 26.42 26.62 25.99 26.60 5311716
20061218 26.60 26.64 26.42 26.60 5669109
20061219 26.36 26.51 26.29 26.37 2758254
20061220 26.39 26.61 26.27 26.39 2959919
20061221 26.36 26.47 26.17 26.34 3198502
20061222 26.24 26.28 25.93 25.94 3132242
20061226 25.90 26.30 25.90 26.12 2018454
20061227 26.33 26.57 26.19 26.23 2002220
20061228 26.19 26.37 26.18 26.19 2200278
20061229 26.15 26.31 25.84 25.93 2226132
20070103 25.90 26.49 25.86 26.28 3834763
20070104 26.11 26.30 25.64 26.05 4810019
20070105 26.09 26.11 25.59 25.69 7792785
20070108 25.64 25.82 25.42 25.82 3774035
20070109 25.95 26.05 25.56 25.69 3907516
20070110 25.57 25.95 25.54 25.91 3303603
20070111 25.91 26.11 25.85 25.95 3100014
20070112 25.98 26.34 25.96 26.29 3951048
20070116 26.37 26.40 25.95 26.18 5121715
20070117 26.15 26.29 26.06 26.12 3456566
20070118 26.33 26.54 26.14 26.17 4349207
20070119 26.17 26.22 25.95 26.20 2579076
20070122 26.20 26.31 25.97 26.06 4123972
20070123 26.11 26.34 26.02 26.28 3157616
20070124 26.19 26.24 25.99 26.06 2794210
20070125 25.95 26.08 25.51 25.54 3308774
20070126 25.78 25.88 25.36 25.46 4561936
20070129 25.61 25.79 25.46 25.61 2518108
20070130 25.57 25.82 25.45 25.80 2564285
20070131 25.82 26.07 25.71 25.92 2378974
20070201 26.32 26.32 25.85 26.14 3645484
20070202 26.14 26.28 26.01 26.07 4076352
20070205 26.03 26.29 25.85 26.24 2499829
20070206 26.40 26.41 26.12 26.27 2120189
20070207 26.27 26.47 26.19 26.44 2358652
20070208 26.44 26.70 26.42 26.69 3031349
20070209 26.64 26.79 26.22 26.34 2712557
20070212 26.53 26.61 26.01 26.04 2580279
20070213 26.15 26.55 26.04 26.51 2669747
20070214 26.59 26.83 26.57 26.60 3458730
20070215 26.65 26.74 26.39 26.51 2746830
20070216 26.40 26.55 26.29 26.45 2765108
20070220 26.50 26.62 26.28 26.57 1877517
20070221 26.53 26.61 26.33 26.36 5589622
20070222 26.40 26.45 26.07 26.24 3210046
20070223 26.21 26.22 25.88 26.04 2817900
20070226 26.04 26.24 26.02 26.11 2552380
20070227 26.36 26.44 23.66 25.15 8629629
20070228 25.45 25.69 25.15 25.25 10163221
20070301 25.24 25.24 24.60 24.92 8461996
20070302 24.86 24.95 24.53 24.56 4593683
20070305 24.56 24.91 24.31 24.82 6195867
20070306 24.89 26.01 24.89 25.92 11949872
20070307 25.80 26.04 25.55 25.62 6342678
20070308 25.83 25.93 25.51 25.54 5334223
20070309 25.65 25.87 25.55 25.70 3665480
20070312 25.85 26.25 25.72 26.22 6759595
20070313 26.11 26.15 25.58 25.60 4922080
20070314 25.72 25.91 25.33 25.55 4663790
20070315 25.47 25.53 25.14 25.17 6740259
20070316 25.17 25.31 25.02 25.31 9866361
20070319 25.51 25.69 25.37 25.68 4865266
20070320 25.70 25.75 25.52 25.55 5994749
20070321 25.47 25.80 25.29 25.70 5023057
20070322 25.00 25.86 25.00 25.76 4955381
20070323 25.68 25.75 25.45 25.52 4748773
20070326 25.52 25.72 25.33 25.60 4667729
20070327 25.61 25.78 25.49 25.62 5281228
20070328 25.62 25.62 25.27 25.44 4707713
20070329 25.47 25.70 25.45 25.55 6473375
20070330 25.51 25.76 25.44 25.63 5477691
20070402 25.80 25.80 25.60 25.79 4162129
20070403 26.02 26.17 25.94 26.06 7074699
20070404 26.13 26.38 26.06 26.17 6320119
20070405 26.09 26.16 25.52 25.99 5609224
20070409 26.14 26.18 25.98 26.14 5165093
20070410 26.10 26.31 26.10 26.31 3883428
20070411 26.23 26.30 25.94 25.96 5054329
20070412 26.63 26.63 25.91 26.32 5928267
20070413 26.68 26.68 26.27 26.35 5629872
20070416 26.39 26.60 26.36 26.56 6734052
20070417 26.51 26.55 26.37 26.47 5028428
20070418 26.81 26.81 26.22 26.56 5384115
20070419 26.37 26.58 26.22 26.46 4277548
20070420 27.09 27.09 26.44 26.57 5333387
20070423 26.57 26.64 26.41 26.58 3028109
20070424 26.52 26.56 26.28 26.43 4059600
20070425 26.58 26.89 26.48 26.81 6051206
20070426 26.16 26.94 26.16 26.85 6368698
20070427 26.86 26.89 26.68 26.84 3770157
20070430 26.82 26.83 26.52 26.62 3937616
20070501 26.62 26.85 26.55 26.78 4311445
20070502 26.78 27.01 26.60 26.65 7193461
20070503 26.66 27.19 26.53 26.86 6224155
20070504 26.86 27.06 26.68 26.81 4888302
20070507 26.90 26.93 26.56 26.72 4107343
20070508 26.63 26.83 26.54 26.71 3692933
20070509 26.76 26.81 26.54 26.69 3312897
20070510 26.64 26.70 26.20 26.37 4701626
20070511 26.36 26.78 26.21 26.63 4761544
20070514 26.63 26.95 26.58 26.70 4000518
20070515 26.70 26.95 26.57 26.58 4059958
20070516 26.64 26.99 26.64 26.84 3754402
20070517 26.73 26.93 26.62 26.82 3625257
20070518 26.86 27.30 26.82 27.27 5595139
20070521 27.27 27.64 27.24 27.51 5065190
20070522 27.46 27.68 27.24 27.50 4415645
20070523 27.65 27.92 27.56 27.85 4624521
20070524 27.92 28.02 27.64 27.68 5176551
20070525 27.65 28.23 27.62 28.19 5024251
20070529 27.77 27.98 27.59 27.89 4412422
20070530 27.85 28.16 27.64 28.13 4223956
20070531 28.07 28.17 27.76 28.05 5889061
20070601 27.96 28.34 27.83 28.24 4196749
20070604 28.24 28.41 28.11 28.39 4137342
20070605 28.23 28.52 27.89 28.28 3781615
20070606 28.17 28.58 27.53 27.84 4427141
20070607 27.91 28.00 27.43 27.48 4286629
20070608 27.32 27.88 27.24 27.84 4534926
20070611 27.75 28.09 27.73 27.93 4216551
20070612 27.66 27.99 27.35 27.69 5086422
20070613 27.75 27.96 27.60 27.95 4054458
20070614 27.91 27.96 27.73 27.92 3826674
20070615 28.08 28.31 27.91 28.02 5520409
20070618 28.19 28.63 27.99 28.16 3467627
20070619 28.01 28.29 27.91 28.23 3409169
20070620 28.34 28.42 27.97 28.00 4460461
20070621 28.00 28.02 27.44 27.63 6049612
20070622 27.63 27.63 27.32 27.35 6605495
20070625 27.32 27.81 27.28 27.51 3683197
20070626 27.54 27.81 27.49 27.62 5977755
20070627 27.45 27.92 27.43 27.89 5306498
20070628 27.76 28.25 27.76 28.02 3959953
20070629 27.87 28.69 27.87 28.10 8125160
20070702 28.40 28.99 28.31 28.87 6726086
20070703 29.00 29.01 28.46 28.87 3160753
20070705 28.72 29.09 28.60 28.77 3507350
20070706 28.81 29.52 28.77 29.25 5799417
20070709 29.20 29.23 28.90 28.92 4539670
20070710 28.87 29.21 28.71 28.79 6114947
20070711 28.67 28.99 28.30 28.74 4521765
20070712 28.97 29.19 28.74 29.15 5554914
20070713 28.45 29.31 28.45 29.14 3533318
20070716 29.03 29.48 28.96 29.41 3432528
20070717 29.44 29.52 28.85 29.04 6051628
20070718 29.09 29.42 28.79 29.37 4662040
20070719 29.50 29.65 29.31 29.45 5489223
20070720 29.18 30.15 29.14 29.29 6902171
20070723 29.50 29.94 29.35 29.52 5984158
20070724 29.25 29.59 28.89 28.95 5320727
20070725 29.25 29.29 28.57 28.75 6708893
20070726 28.58 28.67 27.50 27.62 10502839
20070727 27.60 27.86 26.96 27.58 9790555
20070730 27.31 27.86 26.94 27.64 6616878
20070731 27.75 28.13 26.50 26.75 8010735
20070801 26.65 27.06 26.17 26.96 8217649
20070802 26.96 27.60 26.91 27.43 8400967
20070803 27.58 27.58 26.57 26.62 7385723
20070806 26.15 27.37 26.15 27.03 7737655
20070807 26.72 27.33 26.62 27.08 10747105
20070808 27.03 27.13 26.27 26.95 8222630
20070809 26.99 27.20 24.97 25.86 10295213
20070810 26.51 26.51 25.16 25.82 7277344
20070813 25.87 26.56 25.84 26.18 4670933
20070814 26.34 26.40 25.11 25.14 5882183
20070815 25.34 26.05 24.96 25.01 7503943
20070816 24.58 25.09 24.25 24.72 9810832
20070817 25.55 26.06 25.06 25.51 7864531
20070820 26.18 26.18 25.38 25.68 5831789
20070821 25.47 26.19 25.44 25.99 5925108
20070822 26.34 27.15 26.09 26.47 5384640
20070823 26.60 26.65 26.22 26.35 5592266
20070824 26.44 26.94 26.29 26.81 4088963
20070827 26.77 26.77 26.23 26.35 2927633
20070828 26.15 26.35 25.36 25.39 4542634
20070829 25.59 26.32 25.22 26.28 5339700
20070830 25.94 26.26 25.79 25.93 4141729
20070831 26.05 26.76 26.00 26.57 6466524
20070904 26.75 26.99 26.37 26.63 70136560
20070905 26.32 26.46 25.93 25.98 11295755
20070906 25.95 26.49 25.34 26.45 5453651
20070907 26.03 26.39 25.38 26.10 5836413
20070910 26.17 26.27 25.85 25.92 5552780
20070911 25.92 26.22 25.83 26.18 5261202
20070912 26.07 26.20 25.72 25.72 5700249
20070913 25.84 26.38 25.84 26.21 6122272
20070914 26.00 26.16 25.88 26.06 4116958
20070917 25.91 26.20 25.86 26.18 4900546
20070918 26.26 27.36 26.19 27.33 7126752
20070919 27.42 28.03 27.33 27.84 7170507
20070920 27.65 27.71 26.64 26.69 9900717
20070921 26.05 27.78 25.60 26.86 10945071
20070924 26.78 26.83 26.17 26.24 7092172
20070925 26.01 26.30 25.87 26.19 7380813
20070926 26.41 26.70 26.29 26.45 6116861
20070927 26.60 26.62 26.32 26.36 4647074
20070928 26.30 26.82 26.19 26.78 6647683
20071001 26.83 27.38 26.30 26.41 7157451
20071002 26.17 26.42 25.96 26.19 6611692
20071003 25.92 26.06 25.51 25.56 7033362
20071004 25.70 26.27 25.62 26.21 5502647
20071005 26.24 26.54 25.80 25.87 6129329
20071008 25.80 26.29 25.73 26.23 3907122
20071009 26.20 26.40 26.06 26.13 3880775
20071010 26.01 26.23 25.84 25.96 7237551
20071011 25.97 26.08 25.60 25.61 5873975
20071012 25.61 25.82 25.29 25.41 4731408
20071015 25.36 25.48 24.84 24.90 4787160
20071016 24.89 25.22 24.70 24.96 5461362
20071017 25.34 25.41 24.86 25.25 4634018
20071018 25.08 25.16 24.93 25.00 4088258
20071019 25.01 25.10 24.40 24.40 5594626
20071022 24.16 24.76 24.08 24.74 3690230
20071023 24.11 25.48 24.11 25.05 5637793
20071024 24.88 25.07 24.46 24.81 7918574
20071025 24.89 24.97 24.20 24.49 6372216
20071026 24.83 24.83 24.49 24.66 5381027
20071029 24.70 24.83 24.42 24.55 4638252
20071030 24.40 24.44 24.11 24.13 7493729
20071031 24.09 24.44 23.94 24.40 6274944
20071101 23.99 24.24 23.75 24.03 8029844
20071102 23.69 24.06 23.13 23.52 7276483
20071105 23.25 23.85 23.25 23.47 9431293
20071106 22.84 23.98 22.84 23.72 9190994
20071107 23.39 23.47 22.96 22.98 6396563
20071108 23.00 23.35 22.66 23.18 9367896
20071109 22.83 23.14 22.58 22.73 7281306
20071112 22.70 23.27 22.62 22.90 7124988
20071113 23.05 23.73 22.90 23.71 5211653
20071114 23.81 23.81 23.14 23.21 5789170
20071115 22.96 23.46 22.96 23.14 9226280
20071116 23.31 23.41 22.82 23.11 7910341
20071119 23.01 23.01 22.45 22.59 6951733
20071120 22.80 22.80 22.00 22.34 7754494
20071121 22.00 22.31 21.74 22.02 5663434
20071123 22.21 22.61 22.10 22.60 2032249
20071126 22.56 22.63 22.17 22.21 5064863
20071127 22.28 22.68 22.04 22.62 7836946
20071128 22.97 23.42 22.57 23.29 5894757
20071129 24.03 24.03 23.09 23.40 5413548
20071130 23.72 23.72 23.34 23.54 5311946
20071203 23.60 23.60 23.15 23.21 4629748
20071204 23.07 23.23 22.70 22.92 6927668
20071205 23.08 23.55 23.08 23.36 6613193
20071206 23.35 23.35 23.04 23.28 5029279
20071207 23.28 23.52 23.27 23.30 4114632
20071210 23.32 23.42 23.10 23.25 4006039
20071211 23.24 23.60 22.75 22.75 5360650
20071212 23.31 23.31 22.15 22.54 8377355
20071213 22.38 22.87 22.37 22.81 5413548
20071214 22.67 22.74 22.40 22.44 6387735
20071217 22.30 22.75 22.23 22.43 6179288
20071218 22.55 22.55 22.19 22.37 5988902
20071219 22.33 22.51 22.01 22.18 5983892
20071220 22.30 22.49 22.12 22.25 5482758
20071221 22.46 22.72 22.08 22.66 7144737
20071224 22.55 23.11 22.53 22.98 2005000
20071226 22.85 23.17 22.80 23.06 3298091
20071227 23.05 23.31 23.02 23.13 5494410
20071228 23.24 23.57 23.24 23.35 3998116
20071231 23.23 23.64 23.23 23.39 5720450
20080102 23.33 23.33 22.64 22.68 7742345
20080103 22.70 22.70 22.16 22.22 8077677
20080104 22.06 22.10 21.43 21.46 5900467
20080107 21.64 21.72 21.08 21.27 7512809
20080108 21.34 21.53 20.82 20.92 8825241
20080109 20.86 20.93 20.13 20.60 11325316
20080110 20.45 21.32 20.44 21.10 9204499
20080111 20.93 20.99 20.68 20.68 7949510
20080114 20.81 20.95 20.66 20.83 4204466
20080115 20.67 20.71 20.13 20.19 7042319
20080116 20.07 20.38 19.89 20.13 5974687
20080117 20.22 20.37 19.68 20.00 7903137
20080118 20.18 20.97 19.59 19.82 9311227
20080122 18.90 19.83 18.88 19.64 8928823
20080123 18.91 19.85 18.32 19.83 14145343
20080124 19.83 20.62 19.78 20.56 12142556
20080125 20.74 20.87 20.35 20.50 10606648
20080128 20.56 21.34 20.17 21.22 9189119
20080129 21.39 21.93 21.23 21.48 6143169
20080130 21.43 21.84 21.18 21.34 5643200
20080131 21.05 21.92 20.82 21.63 8235789
20080201 21.59 21.98 21.18 21.89 4798113
20080204 21.90 21.99 21.63 21.93 5586807
20080205 21.78 21.83 20.79 20.81 10036887
20080206 20.92 21.28 20.63 20.70 5853394
20080207 20.62 21.04 20.44 20.97 7384992
20080208 21.07 21.23 20.69 21.10 7258223
20080211 21.13 21.18 20.68 21.04 6678092
20080212 21.13 21.49 20.98 21.22 5586341
20080213 21.41 21.95 21.40 21.83 6098893
20080214 21.99 22.00 21.37 21.53 5783135
20080215 21.46 21.80 21.20 21.78 11890650
20080219 21.99 22.17 21.49 21.58 6496444
20080220 21.30 21.78 21.14 21.66 7293644
20080221 21.70 21.82 20.98 21.04 6344275
20080222 21.08 21.28 20.72 21.25 4664819
20080225 21.31 21.46 21.03 21.46 4785412
20080226 21.10 21.73 20.81 21.27 7233522
20080227 20.93 21.08 20.46 20.59 8021983
20080228 20.50 20.89 20.50 20.56 5734432
20080229 20.43 20.43 19.73 19.79 9300087
20080303 19.81 19.98 19.56 19.88 5284193
20080304 19.65 19.81 19.42 19.66 6146175
20080305 19.63 19.98 19.46 19.64 5256983
20080306 19.51 19.55 19.12 19.17 4803854
20080307 19.05 19.31 18.98 19.07 6164162
20080310 19.05 19.16 18.66 18.75 5279812
20080311 19.32 19.55 19.04 19.47 6165315
20080312 19.58 19.60 19.11 19.14 4159789
20080313 18.92 19.28 18.35 19.06 7319236
20080314 19.04 19.05 18.21 18.71 7034791
20080317 18.24 19.17 18.24 18.99 7215812
20080318 19.31 19.57 19.01 19.55 5146871
20080319 19.79 19.82 19.31 19.34 4571986
20080320 19.49 20.17 19.33 20.10 8415737
20080324 20.16 20.33 20.04 20.16 5285000
20080325 20.08 20.17 19.90 20.00 4172241
20080326 19.95 19.97 19.60 19.89 5674714
20080327 20.01 20.01 19.42 19.44 6000321
20080328 19.58 19.62 18.99 19.03 7153896
20080331 18.97 19.29 18.88 19.15 4772147
20080401 19.38 19.90 19.32 19.83 4473520
20080402 19.90 19.97 19.63 19.77 4587090
20080403 19.69 19.74 19.15 19.63 4796360
20080404 19.62 19.69 19.26 19.33 3032963
20080407 19.38 19.63 19.27 19.52 3466260
20080408 19.43 19.51 19.18 19.36 3356033
20080409 19.33 19.52 18.99 19.06 3333319
20080410 19.03 19.44 18.91 19.14 3373905
20080411 18.94 19.03 18.48 18.56 5851469
20080414 18.42 18.47 18.15 18.18 5323165
20080415 18.26 18.32 17.94 18.12 4156215
20080416 18.21 18.46 18.17 18.42 8034787
20080417 18.33 18.92 18.33 18.81 4051868
20080418 19.15 19.49 19.00 19.31 5326393
20080421 19.16 19.29 18.93 19.16 4052099
20080422 19.05 19.25 18.92 19.13 4797974
20080423 19.10 19.30 18.49 18.55 6532314
20080424 19.39 19.51 18.57 19.05 3971504
20080425 19.17 19.38 18.99 19.30 3942218
20080428 19.39 19.77 19.23 19.55 5640009
20080429 20.76 20.76 19.63 20.12 9196087
20080430 20.12 20.41 19.95 20.01 9535299
20080501 19.97 20.88 19.97 20.86 6377582
20080502 21.01 21.13 20.78 21.10 7321773
20080505 21.08 21.08 20.70 20.83 5526323
20080506 20.62 21.61 20.49 21.40 10052189
20080507 21.36 21.59 21.22 21.29 6663526
20080508 21.26 21.53 21.23 21.29 7777322
20080509 20.43 21.34 20.43 21.16 5602190
20080512 21.30 21.48 21.04 21.48 3912586
20080513 21.66 21.66 21.27 21.41 4129580
20080514 21.46 21.68 21.38 21.53 4575099
20080515 21.00 21.21 20.45 21.01 13167130
20080516 20.96 20.96 20.20 20.31 10180863
20080519 20.28 20.46 20.06 20.16 9177639
20080520 20.10 20.25 19.95 20.05 9694644
20080521 20.33 20.33 19.73 19.86 6205555
20080522 19.84 20.16 19.74 19.95 4888254
20080523 19.85 19.98 19.66 19.69 4093953
20080527 19.73 19.87 19.48 19.63 7989589
20080528 19.64 19.71 19.15 19.24 8659712
20080529 19.24 19.31 18.86 19.02 11425525
20080530 18.92 19.16 18.90 18.95 8498318
20080602 18.91 19.12 18.89 19.09 6144298
20080603 19.00 19.25 18.83 18.92 10210167
20080604 18.97 19.43 18.90 19.20 7129591
20080605 19.24 19.63 19.14 19.57 8968188
20080606 19.45 19.45 18.74 18.76 6283119
20080609 18.75 18.76 18.35 18.45 4655655
20080610 18.34 18.68 18.23 18.51 5401913
20080611 18.39 18.58 18.11 18.12 5836935
20080612 18.19 18.32 17.96 18.08 7165691
20080613 18.12 18.21 17.91 18.16 5435166
20080616 18.05 18.41 17.98 18.32 6591734
20080617 18.49 18.71 18.09 18.13 5166067
20080618 18.00 18.00 17.61 17.71 5894103
20080619 17.84 18.06 17.61 17.94 7614265
20080620 17.83 17.92 17.44 17.56 7594906
20080623 17.61 17.69 17.36 17.40 5005837
20080624 17.34 17.47 16.95 17.25 5541872
20080625 17.33 18.04 17.33 17.73 7416341
20080626 17.56 17.61 16.77 17.56 15417230
20080627 17.54 17.73 17.02 17.35 12345992
20080630 17.35 17.37 17.03 17.11 6986785
20080701 16.85 17.04 16.51 16.83 7890767
20080702 16.93 17.01 16.44 16.45 6991796
20080703 16.61 16.62 16.26 16.33 5596762
20080707 15.68 16.03 15.37 15.57 10570826
20080708 15.45 15.68 15.26 15.64 8781424
20080709 15.67 15.87 15.39 15.48 9899615
20080710 15.51 15.59 15.19 15.34 8409491
20080711 15.15 15.24 14.57 15.11 10771369
20080714 15.27 15.33 14.81 14.81 7284924
20080715 14.67 15.23 14.35 15.01 11041379
20080716 14.86 15.05 14.41 14.85 16426437
20080717 14.95 15.24 14.73 15.20 14031307
20080718 15.06 15.18 14.75 14.89 8710022
20080721 15.02 15.04 14.67 14.73 4246939
20080722 14.59 15.23 14.50 15.19 8689409
20080723 15.31 15.93 15.07 15.86 8943818
20080724 15.89 16.00 15.24 15.25 10279406
20080725 15.39 15.60 14.81 14.95 7507901
20080728 14.88 14.94 14.49 14.55 7043497
20080729 14.65 15.27 14.58 15.06 7267272
20080730 15.02 15.24 14.37 14.82 9202212
20080731 14.46 14.84 14.17 14.37 13463613
20080801 14.49 14.50 13.90 14.03 8404822
20080804 14.05 14.21 13.84 14.06 5001396
20080805 14.20 14.49 14.15 14.48 6130974
20080806 14.45 14.72 14.12 14.66 9442500
20080807 14.58 14.59 14.04 14.09 5467963
20080808 14.18 14.74 14.08 14.71 5291563
20080811 14.59 15.65 14.59 15.52 11829203
20080812 15.34 15.51 15.12 15.19 9288078
20080813 15.12 15.28 14.98 15.10 6425469
20080814 15.02 16.04 15.02 15.85 13040320
20080815 15.86 16.10 15.62 15.84 8540340
20080818 15.93 16.01 15.26 15.42 6171402
20080819 15.28 15.33 14.66 14.73 5516249
20080820 14.81 14.83 14.29 14.45 5749703
20080821 14.32 14.50 14.11 14.46 4857793
20080822 14.49 14.78 14.37 14.74 3719900
20080825 14.68 14.86 14.45 14.52 5054350
20080826 14.54 14.61 14.09 14.37 7247912
20080827 14.37 14.60 14.24 14.44 4710773
20080828 14.51 14.76 14.44 14.70 6592076
20080829 14.74 14.81 14.43 14.44 4522637
20080902 14.64 15.01 14.59 14.64 8294470
20080903 14.63 14.90 14.52 14.88 6259648
20080904 14.82 14.82 14.43 14.44 6991516
20080905 14.38 14.87 14.33 14.78 9329304
20080908 15.08 15.40 15.01 15.25 8414357
20080909 15.20 15.41 14.81 14.82 12173081
20080910 14.90 15.20 14.71 15.06 12233921
20080911 15.05 15.32 14.87 15.16 9219838
20080912 15.01 15.13 14.71 15.04 7352633
20080915 14.62 15.24 14.33 14.42 9051772
20080916 14.14 14.48 13.87 14.28 8327635
20080917 14.15 14.18 13.39 13.43 8871158
20080918 13.61 14.30 13.17 13.99 13912108
20080919 14.28 15.16 13.96 14.00 11840760
20080922 13.84 14.15 13.68 13.74 8298056
20080923 13.82 14.00 13.10 13.25 7161374
20080924 13.28 13.47 13.06 13.14 7630052
20080925 13.20 13.77 13.17 13.60 6266146
20080926 13.49 13.86 13.33 13.74 7479914
20080929 13.59 13.84 12.54 12.76 11975884
20080930 13.03 13.06 12.58 13.01 9399780
20081001 12.90 13.04 12.72 12.88 6457853
20081002 12.86 12.91 12.12 12.16 8091672
20081003 12.34 12.40 11.42 11.50 11076287
20081006 11.24 11.59 10.87 11.54 13110661
20081007 11.66 11.73 10.53 10.58 13928803
20081008 10.34 11.02 10.15 10.19 13516819
20081009 10.37 10.37 9.04 9.05 12421369
20081010 8.66 9.33 6.73 7.23 55705576
20081013 7.71 7.91 6.84 7.80 30122566
20081014 8.42 8.57 7.93 8.51 26504008
20081015 8.41 8.50 7.62 7.69 16744457
20081016 7.73 7.93 7.10 7.85 21274824
20081017 7.68 8.49 7.66 8.40 20211084
20081020 8.26 8.43 7.91 8.39 10646712
20081021 8.37 8.49 8.04 8.07 9467454
20081022 7.94 7.94 6.96 7.22 11881992
20081023 7.27 7.55 6.93 7.51 12360642
20081024 7.08 7.28 6.87 6.95 15316014
20081027 6.82 7.27 6.71 6.94 11658577
20081028 7.27 7.94 6.97 7.88 10028568
20081029 7.97 8.50 7.78 7.78 17814808
20081030 7.94 8.76 7.94 8.42 14835011
20081031 8.42 8.98 8.06 8.67 15476684
20081103 8.66 8.82 8.35 8.55 9864536
20081104 8.77 8.83 8.40 8.78 10551139
20081105 8.67 8.81 8.08 8.12 10942283
20081106 7.97 8.03 7.20 7.24 20303296
20081107 7.36 7.54 7.14 7.28 13419005
20081110 7.33 7.55 7.03 7.14 11017128
20081111 7.17 7.17 6.64 6.84 9578937
20081112 6.68 6.71 5.40 5.42 35632868
20081113 5.43 5.95 5.23 5.74 28131440
20081114 5.72 6.42 5.60 5.91 18487630
20081117 5.77 5.88 5.44 5.45 14815291
20081118 5.44 5.62 5.17 5.42 13334524
20081119 5.31 5.43 4.78 4.81 12956713
20081120 4.76 4.77 4.01 4.03 20780824
20081121 4.24 4.50 3.89 4.44 17136384
20081124 4.65 5.51 4.50 5.35 17404168
20081125 5.47 5.71 4.98 5.28 10090080
20081126 5.16 5.88 5.01 5.85 10733658
20081128 5.82 6.02 5.55 5.94 4606558
20081201 5.73 5.79 5.18 5.20 9745658
20081202 5.29 6.31 4.99 6.00 14908453
20081203 5.83 6.91 5.44 6.84 18259838
20081204 6.69 7.30 6.53 6.93 16925546
20081205 6.74 6.96 6.24 6.92 12308041
20081208 7.12 7.49 6.96 7.33 12507538
20081209 7.22 7.51 6.92 6.97 13614658
20081210 7.06 7.71 7.02 7.42 11194830
20081211 7.33 7.59 7.17 7.25 11034121
20081212 7.00 7.81 6.78 7.67 13008152
20081215 7.72 7.86 6.93 7.17 12444067
20081216 7.42 7.47 6.94 7.46 15540177
20081217 7.17 7.44 7.00 7.25 10202579
20081218 7.28 7.41 6.85 6.93 8244149
20081219 7.96 7.96 6.85 7.22 14248092
20081222 7.20 7.20 6.80 6.98 10834517
20081223 7.10 7.10 6.85 6.99 7051759
20081224 6.86 7.08 6.83 7.03 2375484
20081226 6.99 7.32 6.99 7.22 4196606
20081229 7.24 7.39 6.88 7.08 5663184
20081230 7.11 7.47 7.07 7.46 4171388
20081231 7.42 7.72 7.37 7.66 4978567
20090102 7.66 8.36 7.63 8.34 6622097
20090105 8.28 8.42 8.07 8.14 9259267
20090106 8.26 8.60 8.15 8.35 14654139
20090107 8.19 8.24 7.83 7.96 11077931
20090108 7.91 8.26 7.76 8.15 10020178
20090109 8.05 8.21 7.82 7.86 6841469
20090112 7.95 7.95 7.24 7.32 8331022
20090113 7.34 7.34 6.94 7.10 10232819
20090114 6.95 7.07 6.59 6.76 8262742
20090115 6.75 6.89 6.21 6.64 12709814
20090116 6.77 6.93 6.45 6.74 8113359
20090120 6.73 6.81 6.04 6.06 8715377
20090121 6.18 6.69 6.13 6.68 12289662
20090122 6.27 6.44 5.96 6.03 12635550
20090123 5.86 6.20 5.62 6.08 15918442
20090126 5.89 6.17 5.55 5.73 10705329
20090127 5.76 5.99 5.69 5.74 8766561
20090128 5.89 6.22 5.68 6.09 8875232
20090129 6.02 6.02 5.55 5.63 8961784
20090130 5.74 5.76 5.32 5.35 10548787
20090202 5.27 5.50 5.14 5.43 8918294
20090203 5.43 5.56 5.17 5.47 10523036
20090204 5.42 5.76 5.33 5.39 15934577
20090205 5.38 5.80 5.24 5.61 13162663
20090206 5.62 6.24 5.55 5.99 13505560
20090209 5.99 6.05 5.76 5.82 10759077
20090210 5.74 5.82 5.26 5.31 10482645
20090211 5.38 5.68 5.30 5.50 10176293
20090212 5.31 5.52 5.15 5.47 10664938
20090213 5.49 5.54 5.19 5.44 12324817
20090217 5.16 5.28 4.87 4.91 10891791
20090218 4.97 4.97 4.60 4.80 25356904
20090219 5.30 5.76 4.64 4.65 24660532
20090220 4.54 4.82 4.43 4.58 19569662
20090223 4.74 4.74 4.49 4.59 14704788
20090224 4.50 4.96 4.39 4.87 15504167
20090225 4.84 4.90 4.46 4.66 14001365
20090226 4.78 4.87 4.20 4.26 15980845
20090227 4.58 4.58 3.98 4.00 16884834
20090302 3.89 3.89 3.60 3.73 17624802
20090303 3.80 3.81 3.30 3.37 24344458
20090304 3.60 3.79 3.39 3.60 23686982
20090305 3.48 3.51 3.10 3.21 17712530
20090306 3.32 3.32 3.04 3.14 11999338
20090309 3.21 3.21 2.91 2.94 10285073
20090310 3.01 3.54 2.93 3.38 23666184
20090311 3.42 3.73 3.24 3.56 13846170
20090312 3.56 3.87 3.35 3.82 17923694
20090313 3.85 3.89 3.57 3.69 12085937
20090316 3.80 3.92 3.62 3.64 10208125
20090317 3.80 3.96 3.67 3.94 11826040
20090318 3.91 4.35 3.81 4.12 17273896
20090319 4.27 4.27 4.04 4.10 10322758
20090320 4.11 4.12 3.57 3.85 13080687
20090323 4.08 4.22 3.89 4.20 9842752
20090324 4.13 4.60 4.11 4.25 12299309
20090325 4.37 4.56 4.02 4.17 10555708
20090326 4.24 4.55 4.23 4.47 11020345
20090327 4.40 4.51 4.29 4.38 7007349
20090330 3.99 4.25 3.57 3.60 17051472
20090331 3.66 3.75 3.47 3.65 9898963
20090401 3.59 3.70 3.47 3.69 8692633
20090402 3.82 4.47 3.80 4.45 20177090
20090403 4.49 4.82 4.28 4.61 14464703
20090406 4.56 4.73 4.48 4.65 9694224
20090407 4.54 4.74 4.46 4.61 8108836
20090408 4.61 4.86 4.27 4.78 11944673
20090409 4.96 5.37 4.89 5.09 14887656
20090413 5.03 5.26 4.94 5.20 6320709
20090414 5.14 5.27 4.78 4.91 12162675
20090415 4.86 5.08 4.79 5.07 5583121
20090416 5.14 5.42 5.03 5.31 6876716
20090417 5.31 6.50 5.18 6.36 30800798
20090420 6.17 6.17 5.33 5.46 19173920
20090421 5.46 5.99 5.37 5.87 11566247
20090422 5.62 5.93 5.38 5.62 11968041
20090423 5.70 5.72 5.37 5.51 9349693
20090424 5.60 5.96 5.52 5.91 9494643
20090427 5.81 5.93 5.64 5.71 10520445
20090428 5.62 5.72 5.50 5.57 8842950
20090429 5.63 6.15 5.59 6.03 12013831
20090430 6.28 7.27 6.15 6.69 20623306
20090501 6.73 7.02 6.51 6.83 10140440
20090504 6.86 7.01 6.72 6.84 9996859
20090505 6.83 7.12 6.75 6.96 14112173
20090506 6.98 7.79 6.98 7.58 20240880
20090507 7.85 8.20 7.34 7.66 21375946
20090508 7.45 8.36 7.09 8.12 25992318
20090511 7.71 7.80 7.19 7.24 14700496
20090512 7.34 7.34 6.20 6.70 24022188
20090513 6.39 6.41 6.00 6.19 18731598
20090514 6.20 6.64 6.15 6.50 13635535
20090515 6.46 6.94 6.34 6.36 16250199
20090518 6.45 7.01 6.42 6.95 13252162
20090519 6.89 7.06 6.64 6.86 13833222
20090520 6.93 7.32 6.79 6.92 13074265
20090521 6.78 6.84 6.44 6.57 12491311
20090522 6.69 6.85 6.44 6.66 8095257
20090526 6.65 6.93 6.49 6.83 8277049
20090527 6.82 7.00 6.62 6.63 9192744
20090528 6.77 6.78 6.43 6.64 9572959
20090529 7.07 7.07 6.76 7.01 12041516
20090601 7.13 8.34 7.13 8.30 22478802
20090602 8.26 8.26 7.83 8.22 13663957
20090603 8.18 8.39 7.89 8.33 18722440
20090604 8.45 8.69 8.27 8.47 14596284
20090605 8.63 8.66 8.16 8.34 13266584
20090608 8.15 8.40 7.92 8.29 9202879
20090609 8.28 8.34 7.96 8.29 8663226
20090610 8.35 8.45 7.87 7.96 11593636
20090611 7.61 7.95 7.49 7.80 19766088
20090612 7.71 7.79 7.41 7.78 8156229
20090615 7.62 7.74 7.40 7.46 8132889
20090616 7.50 7.55 7.06 7.06 9285041
20090617 7.05 7.19 6.87 7.02 7324561
20090618 6.99 7.16 6.86 7.05 7175518
20090619 7.16 7.29 6.94 7.01 8231797
20090622 6.92 6.94 6.54 6.54 7707216
20090623 6.54 6.64 6.37 6.49 10657513
20090624 6.63 6.98 6.51 6.71 9598408
20090625 6.62 6.92 6.62 6.89 8561596
20090626 6.85 6.88 6.39 6.75 13466302
20090629 6.62 6.99 6.61 6.90 6507337
20090630 6.83 6.96 6.49 6.61 8878731
20090701 6.64 6.78 6.57 6.63 4719659
20090702 6.51 6.56 6.17 6.30 7892996
20090706 6.22 6.27 5.73 5.84 18575210
20090707 5.94 5.95 5.53 5.54 8063810
20090708 5.67 5.70 5.40 5.52 16273313
20090709 5.59 5.78 5.53 5.69 10138479
20090710 5.63 5.72 5.51 5.70 7140979
20090713 5.75 5.79 5.49 5.71 9467890
20090714 5.78 5.98 5.68 5.95 8833830
20090715 6.17 6.33 6.06 6.27 8372676
20090716 6.26 6.47 6.22 6.45 6624561
20090717 6.34 6.52 6.24 6.45 11039645
20090720 6.75 7.10 6.71 7.10 12943396
20090721 7.13 7.30 6.82 6.91 8383247
20090722 6.85 7.14 6.77 6.97 5903420
20090723 6.97 7.53 6.92 7.45 11600649
20090724 7.38 7.51 7.21 7.48 6211449
20090727 7.48 7.71 7.38 7.69 8570388
20090728 7.43 7.89 7.35 7.63 9683500
20090729 7.47 7.60 7.24 7.38 7142758
20090730 7.36 7.78 7.36 7.64 8675786
20090731 7.52 7.86 7.42 7.82 10426517
20090803 7.78 8.74 7.76 8.51 18164086
20090804 8.25 8.62 8.14 8.53 12298555
20090805 8.56 8.59 8.15 8.47 15801274
20090806 8.51 8.73 8.08 8.16 12739927
20090807 9.13 10.73 9.13 10.33 52015256
20090810 10.00 11.13 9.86 10.63 24857308
20090811 10.49 10.53 9.99 10.12 15772595
20090812 10.08 10.54 9.98 10.24 14575542
20090813 9.79 10.14 9.69 9.83 14452770
20090814 9.97 9.97 9.54 9.77 8925412
20090817 9.31 9.59 9.14 9.45 15545786
20090818 9.50 9.70 9.41 9.43 9434188
20090819 9.27 10.01 9.14 9.90 13299152
20090820 9.98 10.18 9.89 10.08 8621151
20090821 10.22 10.45 10.09 10.26 8335520
20090824 10.26 10.67 10.25 10.52 9464541
20090825 10.62 10.73 10.43 10.65 10724184
20090826 10.56 10.66 10.23 10.40 10361939
20090827 10.35 10.59 10.04 10.50 9168653
20090828 10.61 10.73 10.22 10.30 9184981
20090831 10.10 10.26 9.83 9.89 8929389
20090901 9.81 10.12 9.40 9.44 9762836
20090902 9.45 9.67 9.31 9.58 10671747
20090903 9.69 9.83 9.54 9.81 8477236
20090904 9.81 10.15 9.71 10.13 7597213
20090908 10.30 10.47 10.23 10.40 9141968
20090909 10.39 10.66 10.18 10.58 9642719
20090910 10.48 11.48 10.47 11.47 16804286
20090911 11.24 11.63 11.06 11.29 17074404
20090914 11.14 11.46 11.03 11.39 10203265
20090915 11.79 12.10 11.65 11.93 22466308
20090916 11.96 12.57 11.74 12.23 29053268
20090917 12.16 12.63 11.78 11.94 15326305
20090918 12.03 12.20 11.76 12.10 11633641
20090921 11.92 12.00 11.48 11.88 13642272
20090922 12.02 12.25 11.92 12.14 8024002
20090923 12.20 12.27 11.60 11.61 9033630
20090924 11.64 11.78 11.00 11.14 7615546
20090925 11.09 11.33 10.95 11.15 9549486
20090928 11.26 11.87 11.18 11.79 6498413
20090929 11.89 12.10 11.82 11.91 9172490
20090930 11.98 12.03 11.40 11.57 10509945
20091001 11.50 11.51 11.00 11.11 15967062
20091002 10.91 11.27 10.84 11.03 16116444
20091005 11.03 11.40 10.99 11.35 11742708
20091006 11.38 11.77 11.38 11.67 9943879
20091007 11.62 11.87 11.45 11.63 13991350
20091008 11.87 12.19 11.69 12.07 10299623
20091009 11.92 12.10 11.77 11.87 8621632
20091012 11.92 11.93 11.50 11.64 6529144
20091013 11.66 11.84 11.65 11.66 6995936
20091014 11.41 12.12 11.31 12.02 31621090
20091015 11.71 12.89 11.69 12.70 41252976
20091016 12.50 12.86 12.28 12.57 14511998
20091019 12.57 13.21 12.48 13.16 11130806
20091020 13.13 13.47 12.83 13.27 11520823
20091021 13.20 13.48 12.66 12.71 11670205
20091022 12.74 13.08 12.47 13.06 8347766
20091023 13.12 13.17 12.47 12.52 9754808
20091026 12.60 13.17 12.17 12.26 13070059
20091027 12.31 12.48 11.80 11.94 11379567
20091028 11.78 11.90 10.94 11.27 24142946
20091029 11.46 12.30 11.36 12.10 15097545
20091030 11.87 12.19 11.12 11.30 13801550
20091102 11.39 11.63 11.15 11.63 15203174
20091103 11.55 11.63 11.12 11.49 11784898
20091104 11.62 12.07 11.39 11.42 13928743
20091105 11.54 12.33 11.54 12.28 17784330
20091106 12.03 12.36 11.68 12.21 21041870
20091109 12.41 12.83 12.32 12.76 8289743
20091110 12.69 12.91 12.47 12.53 11824170
20091111 12.80 12.82 12.41 12.68 11762397
20091112 12.61 12.77 12.19 12.30 12523889
20091113 12.43 12.59 12.23 12.49 9670221
20091116 12.58 13.25 12.55 13.19 13963640
20091117 13.21 13.32 12.89 13.30 8217344
20091118 13.29 13.33 12.93 13.18 7237405
20091119 12.97 13.05 12.62 12.78 5225336
20091120 12.56 12.61 12.23 12.33 8305681
20091123 12.72 12.82 12.23 12.31 6020684
20091124 12.21 12.62 12.18 12.60 10462235
20091125 12.68 13.02 12.61 13.01 12581079
20091127 12.35 12.89 12.12 12.64 3924028
20091130 12.51 12.60 12.08 12.30 9145093
20091201 12.54 12.82 12.39 12.62 7443976
20091202 12.57 12.68 12.41 12.50 5256588
20091203 12.48 12.70 12.21 12.26 10547030
20091204 12.58 12.97 12.28 12.92 13741130
20091207 12.76 13.46 12.76 13.33 17020234
20091208 13.12 13.68 13.00 13.41 15244218
20091209 13.32 13.38 12.88 13.05 9936003
20091210 13.34 13.52 13.26 13.30 9506381
20091211 13.39 13.57 13.31 13.55 9384002
20091214 13.64 13.68 13.36 13.54 6753854
20091215 13.21 13.78 13.09 13.54 10232451
20091216 13.68 14.03 13.64 13.75 10197056
20091217 13.53 13.80 13.24 13.24 9173811
20091218 13.44 13.44 13.08 13.36 10820365
20091221 13.55 13.67 13.34 13.39 7868130
20091222 13.50 13.50 13.27 13.35 4545230
20091223 13.46 13.51 13.07 13.44 6004740
20091224 13.47 13.56 13.35 13.37 1324572
20091228 13.37 13.42 13.25 13.34 4235288
20091229 13.39 13.88 13.39 13.82 7415258
20091230 13.67 13.79 13.50 13.78 4775144
20091231 13.74 13.88 13.54 13.54 4421814
20100104 13.69 13.87 13.47 13.73 6965810
20100105 13.66 13.85 13.54 13.66 5647674
20100106 13.50 13.72 13.17 13.23 15119489
20100107 13.28 13.73 13.09 13.49 9342172
20100108 13.48 13.92 13.37 13.63 6988646
20100111 13.61 13.70 13.34 13.57 6218980
20100112 13.38 13.42 12.90 13.06 8448052
20100113 13.19 13.55 13.01 13.48 7298277
20100114 13.43 13.55 13.25 13.28 7110505
20100115 13.26 13.36 12.58 12.77 14889368
20100119 12.78 13.07 12.68 12.94 6421180
20100120 13.19 13.29 12.82 13.06 10530352
20100121 13.08 13.41 12.70 12.72 11034398
20100122 12.65 13.21 12.61 12.81 15918634
20100125 13.05 13.05 12.65 12.83 6669362
20100126 12.71 12.97 12.63 12.80 10793066
20100127 12.75 12.97 12.44 12.81 7891070
20100128 12.94 12.97 12.28 12.69 10962673
20100129 12.78 12.92 12.38 12.46 9828571
20100201 12.52 12.80 12.36 12.80 9403724
20100202 12.81 12.89 12.44 12.67 20076488
20100203 12.84 13.34 12.80 13.25 16117719
20100204 12.88 13.07 12.49 12.57 17458276
20100205 12.54 12.66 11.97 12.48 13323465
20100208 12.48 12.51 12.02 12.25 13708661
20100209 12.51 12.72 12.24 12.55 9919187
20100210 12.53 12.57 11.88 12.21 9222181
20100211 12.18 12.51 12.00 12.29 8865010
20100212 12.38 12.51 12.25 12.44 10174739
20100216 12.65 12.81 12.51 12.78 6369073
20100217 12.89 13.14 12.85 13.03 8378196
20100218 12.92 13.28 12.82 13.21 11842469
20100219 12.64 13.49 12.61 13.32 21908530
20100222 13.33 13.48 12.83 12.87 13105073
20100223 12.86 12.96 12.49 12.54 11037615
20100224 12.61 12.78 12.51 12.72 5916719
20100225 12.40 12.71 12.16 12.66 13211882
20100226 12.64 12.80 12.47 12.51 7418371
20100301 12.59 13.09 12.53 12.94 6779492
20100302 13.06 13.14 12.94 13.01 6895227
20100303 13.04 13.43 12.92 13.37 12715206
20100304 13.46 13.73 13.35 13.70 17320950
20100305 13.75 14.17 13.73 14.11 15222146
20100308 14.19 14.31 14.00 14.17 9208791
20100309 14.12 14.13 13.81 13.96 7278849
20100310 13.97 14.26 13.91 14.26 8442508
20100311 14.14 14.31 13.92 14.31 6811171
20100312 14.30 14.36 13.94 14.11 6875721
20100315 14.04 14.06 13.75 13.96 7066785
20100316 13.96 14.29 13.83 14.29 10658107
20100317 14.34 14.45 13.98 14.02 8353028
20100318 14.03 14.17 13.77 13.89 5717233
20100319 13.94 14.14 13.51 13.51 10268220
20100322 13.50 13.67 13.24 13.60 6047122
20100323 13.67 13.80 13.59 13.79 6914824
20100324 13.66 13.95 13.56 13.77 8708984
20100325 13.94 13.96 13.39 13.41 11263057
20100326 13.58 13.62 13.34 13.47 8239755
20100329 13.54 13.70 13.50 13.67 7641322
20100330 13.72 13.77 13.53 13.68 6660968
20100331 13.55 13.73 13.44 13.48 6808171
20100401 13.66 13.72 13.45 13.70 8966564
20100405 13.71 14.22 13.63 14.15 12713778
20100406 14.10 14.44 13.88 14.10 11565532
20100407 14.04 14.19 13.87 13.99 7500015
20100408 13.87 14.67 13.78 14.50 16051969
20100409 14.49 14.80 14.44 14.67 9143559
20100412 14.69 14.81 14.55 14.69 7853696
20100413 14.67 15.03 14.53 14.98 7853696
20100414 15.08 15.16 14.86 15.07 11636806
20100415 15.01 15.41 14.93 15.38 8847291
20100416 15.26 15.56 14.97 14.99 11647151
20100419 14.95 15.12 14.72 14.98 8284857
20100420 15.12 15.61 15.12 15.42 6807343
20100421 15.33 15.57 15.23 15.56 6909962
20100422 15.40 15.95 15.21 15.88 9067941
20100423 15.91 15.98 15.71 15.93 6187704
20100426 15.93 16.09 15.70 15.78 4606538
20100427 15.59 15.71 15.15 15.32 10843171
20100428 15.67 15.77 15.38 15.54 10847206
20100429 15.74 16.17 15.73 15.91 8043622
20100430 15.94 16.06 15.60 15.67 9962021
20100503 15.78 16.41 15.78 16.15 11959660
20100504 15.86 15.87 15.31 15.66 16798226
20100505 15.20 15.58 14.69 15.06 21199424
20100506 14.70 14.98 13.29 14.46 30538910
20100507 14.48 14.50 13.39 13.74 28217176
20100510 14.55 15.00 14.06 14.83 14111536
20100511 14.49 14.98 14.49 14.59 12786604
20100512 14.67 15.05 14.49 14.92 11030718
20100513 14.82 15.00 14.44 14.50 10967720
20100514 14.26 14.41 14.00 14.18 10361839
20100517 14.25 14.85 14.09 14.74 17065116
20100518 14.90 14.98 14.35 14.41 12891498
20100519 14.26 14.60 13.93 14.41 13648720
20100520 13.80 14.07 13.38 13.42 15857491
20100521 13.09 13.84 13.01 13.84 16416615
20100524 13.79 14.15 13.46 13.50 20276586
20100525 12.91 13.48 12.73 13.43 18495562
20100526 13.63 14.08 13.48 13.69 13932782
20100527 14.09 14.37 13.98 14.36 11952108
20100528 14.39 14.44 13.99 14.08 9054079
20100601 13.81 14.23 13.60 13.61 10857860
20100602 13.71 14.14 13.66 14.14 7874385
20100603 14.25 14.39 14.10 14.27 10569040
20100604 13.81 14.11 13.34 13.47 15938386
20100607 13.54 13.76 12.94 12.96 11469845
20100608 12.98 13.20 12.71 12.91 13113963
20100609 13.09 13.85 12.97 13.24 19305082
20100610 13.58 14.05 13.53 13.97 9815118
20100611 13.74 14.17 13.71 13.98 9029905
20100614 14.23 14.74 14.17 14.20 10000111
20100615 14.45 14.94 14.32 14.91 8589839
20100616 14.69 14.80 14.51 14.71 10561375
20100617 14.78 14.84 14.41 14.67 5514531
20100618 14.74 14.80 14.43 14.49 7845437
20100621 14.82 14.84 14.27 14.34 6264189
20100622 14.36 14.54 13.89 13.94 7214401
20100623 14.00 14.29 13.74 14.04 10496035
20100624 13.90 13.94 13.24 13.36 11505198
20100625 13.40 13.74 13.20 13.71 13987499
20100628 13.64 14.04 13.62 13.89 9192327
20100629 13.55 13.64 12.71 12.86 19123594
20100630 12.76 13.04 12.48 12.55 11797270
20100701 12.51 12.62 11.90 12.47 19838314
20100702 12.58 12.70 12.21 12.44 10739772
20100706 12.69 13.04 12.37 12.54 9012487
20100707 12.63 13.00 12.50 12.93 10227049
20100708 13.13 13.64 13.03 13.54 12526006
20100709 13.56 13.67 13.36 13.62 5383645
20100712 13.48 13.78 13.36 13.67 7459787
20100713 13.84 14.26 13.82 14.17 7768967
20100714 14.07 14.17 13.76 13.89 8872429
20100715 13.85 14.03 13.71 13.96 4623681
20100716 13.82 13.89 13.05 13.13 11625057
20100719 13.20 13.52 13.01 13.45 8250875
20100720 13.17 13.47 12.99 13.46 12724397
20100721 13.55 13.66 13.23 13.33 11016591
20100722 13.60 13.99 13.55 13.78 9440495
20100723 13.77 14.33 13.71 14.19 11693282
20100726 14.21 14.58 14.10 14.55 9821817
20100727 14.73 14.83 14.29 14.44 8002603
20100728 14.35 14.40 14.06 14.19 6350759
20100729 14.39 14.67 13.90 14.24 8055164
20100730 13.93 14.43 13.72 14.34 7437629
20100802 14.54 15.03 14.54 14.85 11396160
20100803 14.79 14.84 14.27 14.56 14737569
20100804 15.07 15.21 14.82 15.18 21493560
20100805 15.03 15.29 14.98 15.07 8429477
20100806 14.82 15.02 14.57 14.90 8670225
20100809 15.03 15.16 14.87 15.09 5884001
20100810 14.81 15.15 14.75 14.96 10800577
20100811 14.56 14.57 13.95 14.04 9515214
20100812 13.77 13.89 13.65 13.75 11631137
20100813 13.66 13.76 13.47 13.54 11692355
20100816 13.40 13.73 13.28 13.71 7247174
20100817 13.88 14.10 13.72 13.72 8905408
20100818 13.74 13.96 13.52 13.78 13556400
20100819 13.68 13.77 13.24 13.35 8844706
20100820 13.19 13.28 12.93 13.21 7439587
20100823 13.17 13.35 12.86 13.02 11154691
20100824 12.73 13.00 12.65 12.86 11326183
20100825 12.67 13.23 12.62 13.17 12869299
20100826 13.23 13.42 13.02 13.03 9763176
20100827 13.19 13.58 12.77 13.51 13329771
20100830 13.46 13.64 13.25 13.27 7828123
20100831 13.16 13.48 13.06 13.41 11644123
20100901 13.64 14.39 13.64 14.16 13434892
20100902 14.21 14.57 14.21 14.51 6977157
20100903 14.77 14.93 14.58 14.78 7320656
20100907 14.63 14.72 14.22 14.30 9738751
20100908 14.29 14.61 14.27 14.52 8853733
20100909 14.72 14.87 14.63 14.65 7404285
20100910 14.69 15.18 14.63 15.09 9443804
20100913 15.28 15.44 15.06 15.31 8398008
20100914 15.29 15.43 15.00 15.31 6519333
20100915 15.14 15.19 14.86 15.18 10126931
20100916 15.05 15.10 14.47 14.84 23553226
20100917 14.86 14.98 14.42 14.72 15743440
20100920 14.77 15.35 14.69 15.30 7180069
20100921 15.34 15.36 14.98 15.20 9864916
20100922 15.13 15.25 14.74 14.85 13776537
20100923 14.63 15.35 14.57 15.00 10738776
20100924 15.23 15.77 15.20 15.74 11649817
20100927 15.70 15.70 15.35 15.48 9274538
20100928 15.54 15.70 15.13 15.61 8892147
20100929 15.50 15.52 15.21 15.40 6845438
20100930 15.57 15.80 15.28 15.44 10183627
20101001 15.56 15.96 15.47 15.95 10754491
20101004 15.89 15.96 15.55 15.96 13310951
20101005 16.14 16.96 16.09 16.22 23329932
20101006 16.22 16.67 16.15 16.65 15638059
20101007 16.74 16.79 16.32 16.53 7903560
20101008 16.59 17.17 16.41 16.78 11749240
20101011 16.98 17.11 16.69 17.05 6272623
20101012 17.00 17.46 16.79 17.43 9286863
20101013 17.53 17.72 17.33 17.39 11474079
20101014 17.34 17.39 16.95 17.07 9350440
20101015 17.29 17.36 16.94 17.08 10261070
20101018 17.15 17.15 16.92 17.03 7276514
20101019 16.77 16.87 16.47 16.67 10009943
20101020 16.78 17.14 16.72 17.04 12315277
20101021 17.16 17.23 16.53 16.81 9444729
20101022 16.94 16.94 16.64 16.73 5384487
20101025 16.90 17.15 16.79 16.80 7456462
20101026 16.63 16.84 16.50 16.63 11603392
20101027 16.47 16.51 16.19 16.39 8924809
20101028 16.58 16.62 16.30 16.42 7815846
20101029 16.38 16.64 16.36 16.48 7133746
20101101 16.67 17.04 16.50 16.61 9295799
20101102 16.80 16.94 16.56 16.89 12245742
20101103 16.86 16.91 16.48 16.83 7873672
20101104 17.14 17.25 16.94 17.19 9237356
20101105 17.26 17.29 16.35 16.56 18152304
20101108 16.49 16.65 16.35 16.38 8736643
20101109 16.39 16.42 15.86 15.93 12509913
20101110 15.95 16.46 15.94 16.38 11617155
20101111 16.09 16.71 16.09 16.52 13854494
20101112 16.35 16.51 16.08 16.18 11466684
20101115 16.26 16.50 16.11 16.28 11051324
20101116 16.11 16.27 15.65 15.78 16033185
20101117 15.82 15.86 15.65 15.77 8818606
20101118 15.88 16.17 15.87 16.11 15400695
20101119 16.05 16.09 15.82 16.05 8235417
20101122 15.92 16.09 15.84 16.05 8932204
20101123 15.74 15.93 15.68 15.81 9029265
20101124 15.92 16.05 15.82 16.02 15415896
20101126 15.85 16.07 15.81 16.02 2455188
20101129 15.83 16.05 15.57 15.97 11288790
20101130 15.74 16.70 15.72 16.40 15302196
20101201 16.71 16.84 16.62 16.72 10358132
20101202 16.70 16.93 16.52 16.83 7978539
20101203 16.79 17.11 16.75 17.07 7722071
20101206 16.94 17.24 16.90 17.16 4914998
20101207 17.37 17.64 17.29 17.47 18447598
20101208 17.41 17.72 17.33 17.55 8547186
20101209 17.95 17.99 17.28 17.55 7741519
20101210 17.59 17.68 17.38 17.62 8139948
20101213 17.81 17.81 17.38 17.38 7544864
20101214 17.32 17.64 17.27 17.47 5185116
20101215 17.37 17.52 17.23 17.37 5248312
20101216 17.42 17.58 17.31 17.57 8356678
20101217 17.75 18.54 17.62 18.33 20619604
20101220 18.43 18.55 18.24 18.47 5756028
20101221 18.39 18.89 18.38 18.81 9452922
20101222 18.87 19.13 18.83 19.13 3838547
20101223 19.16 19.18 18.71 18.92 4530934
20101227 18.82 18.89 18.72 18.83 2912633
20101228 18.85 18.85 18.49 18.60 6280132
20101229 18.66 18.91 18.65 18.74 3106112
20101230 18.75 18.77 18.55 18.60 2311404
20101231 18.59 18.77 18.51 18.60 2695802
20110103 18.81 18.93 18.72 18.82 8832437
20110104 18.81 18.99 18.53 18.96 8513489
20110105 18.82 19.02 18.73 18.75 6131412
20110106 18.71 19.03 18.55 19.01 7144591
20110107 19.01 19.18 18.54 18.79 7078015
20110110 18.61 19.39 18.55 19.31 10386108
20110111 19.39 19.44 18.98 19.14 7437217
20110112 19.33 19.53 19.18 19.31 7641450
20110113 19.26 19.55 19.24 19.40 7756882
20110114 19.31 19.49 19.18 19.47 6776069
20110118 19.40 20.03 19.38 19.99 19888092
20110119 19.92 20.08 19.66 19.73 15121787
20110120 19.72 20.19 19.70 20.01 19911136
20110121 20.21 20.37 20.06 20.21 8565827
20110124 20.22 20.37 20.08 20.29 5293583
20110125 20.24 20.24 19.74 20.12 7449508
20110126 20.17 20.36 20.01 20.09 7052819
20110127 20.01 20.22 19.69 19.78 8813796
20110128 19.76 19.91 18.77 18.82 22159242
20110131 19.06 19.46 18.84 19.36 14224655
20110201 19.46 19.69 19.28 19.47 8303007
20110202 19.29 19.72 19.29 19.50 9781294
20110203 19.51 20.04 19.46 19.77 15142579
20110204 19.84 19.89 19.46 19.74 9386449
20110207 19.78 20.35 19.73 20.34 6466134
20110208 20.33 20.60 20.21 20.58 5453877
20110209 20.50 21.11 20.41 21.03 15918851
20110210 20.83 21.30 20.75 21.11 10675968
20110211 20.94 21.59 20.94 21.42 7697988
20110214 21.43 21.45 20.96 21.24 6362686
20110215 21.11 21.25 20.91 21.14 6394949
20110216 21.22 21.72 21.01 21.58 14293586
20110217 21.36 21.99 20.50 21.82 24363920
20110218 21.68 22.55 21.57 22.37 14015914
20110222 22.07 22.09 21.23 21.46 12174637
20110223 21.49 21.87 20.99 21.25 12396078
20110224 21.20 21.78 21.06 21.51 14221377
20110225 21.71 23.09 21.65 22.98 17260300
20110228 22.96 23.45 22.84 23.30 15455280
20110301 23.38 23.40 22.57 22.64 12754972
20110302 22.62 23.54 22.49 23.31 13562893
20110303 23.60 24.09 23.38 23.77 10193038
20110304 23.91 24.16 22.87 23.39 12775354
20110307 23.56 23.58 22.71 23.06 7777674
20110308 23.14 23.29 22.82 23.14 8562652
20110309 23.21 23.82 23.21 23.50 9228666
20110310 23.11 23.39 22.85 23.18 11354183
20110311 22.99 23.53 22.96 23.29 7488677
20110314 23.11 23.17 22.64 23.10 12046335
20110315 22.12 23.04 21.84 22.65 14853784
20110316 22.51 23.12 22.15 22.36 12769048
20110317 22.87 23.08 22.65 22.75 10264135
20110318 23.14 23.14 22.54 22.73 13006579
20110321 23.22 24.07 23.20 23.98 12857151
20110322 23.98 24.52 23.97 24.13 9763418
20110323 24.03 24.42 23.78 24.33 8296733
20110324 24.53 24.67 23.94 24.55 8823309
20110325 24.70 24.70 24.10 24.14 10420104
20110328 24.16 24.21 23.38 23.90 12951592
20110329 23.90 24.91 23.52 24.76 14783363
20110330 24.81 25.60 24.68 25.56 12359194
20110331 25.42 25.43 24.44 24.50 15129030
20110401 24.62 24.92 24.00 24.25 11345904
20110404 24.40 24.54 24.18 24.53 7559609
20110405 24.33 25.14 24.28 24.49 12364918
20110406 24.70 24.77 23.79 23.98 10006468
20110407 23.97 24.07 23.43 24.05 10658964
20110408 24.18 24.29 23.47 23.75 8170098
20110411 23.70 24.01 23.24 23.91 10261682
20110412 23.72 23.87 23.54 23.78 8626661
20110413 23.93 24.22 23.57 23.92 7427352
20110414 23.75 23.86 23.18 23.73 10618694
20110415 23.99 24.46 23.68 23.81 12540307
20110418 23.43 23.67 22.85 23.54 8745324
20110419 23.59 23.72 23.34 23.50 6001858
20110420 23.94 24.22 23.89 24.07 5217616
20110421 24.34 24.34 23.96 24.26 4510950
20110425 24.26 24.46 24.05 24.16 6102430
20110426 24.37 24.37 23.97 24.13 7061448
20110427 24.20 24.45 24.05 24.34 5600078
20110428 24.34 25.14 24.29 24.70 8024247
20110429 24.69 24.79 24.46 24.68 6439103
20110502 24.88 25.60 24.88 25.10 13339777
20110503 25.12 25.18 24.41 24.69 9884943
20110504 25.75 27.12 25.49 26.62 24351666
20110505 26.30 26.53 25.78 26.12 14913780
20110506 26.41 26.49 25.80 26.00 8140151
20110509 25.96 26.24 25.68 26.04 5653533
20110510 26.13 27.04 26.03 26.92 10224989
20110511 26.65 26.73 26.08 26.31 11996458
20110512 26.21 26.36 25.79 25.92 10822497
20110513 26.14 26.15 25.38 25.38 11446579
20110516 25.30 25.53 24.92 24.94 9422759
20110517 24.90 25.63 24.68 25.50 13440861
20110518 25.58 26.68 25.58 26.46 11729082
20110519 26.61 26.90 26.52 26.77 7890048
20110520 26.66 26.73 26.32 26.41 7219359
20110523 25.96 26.24 25.63 26.13 7699226
20110524 26.24 26.42 25.73 25.79 12285093
20110525 25.76 25.91 25.40 25.76 8322694
20110526 25.72 26.94 25.69 26.86 12302162
20110527 26.87 27.63 26.87 27.38 10836704
20110531 27.54 27.73 27.06 27.35 9282325
20110601 27.16 27.40 26.31 26.34 12373299
20110602 26.42 27.21 26.40 26.74 8764539
20110603 26.26 26.91 26.11 26.61 10492876
20110606 26.49 26.68 25.86 25.89 7901597
20110607 26.14 26.35 25.96 25.98 6054597
20110608 25.98 26.12 25.47 25.92 8361401
20110609 25.91 26.50 25.83 26.23 9679602
20110610 26.04 26.11 25.62 25.73 8002780
20110613 25.73 26.04 25.19 25.36 7861959
20110614 25.70 25.98 25.57 25.74 8068762
20110615 25.40 25.72 25.06 25.24 10441951
20110616 25.18 25.29 24.58 24.91 9162544
20110617 25.17 26.06 25.14 25.42 13005345
20110620 25.44 26.23 25.36 25.90 7260592
20110621 26.05 26.65 25.99 26.43 8521874
20110622 26.29 26.49 26.16 26.18 7478799
20110623 25.74 26.26 25.22 26.22 9178938
20110624 26.23 26.71 26.23 26.31 13665260
20110627 26.27 27.19 25.96 26.86 9369245
20110628 26.97 27.65 26.92 27.60 7647520
20110629 27.71 28.03 27.43 27.85 8883346
20110630 28.03 28.61 27.94 27.98 10545301
20110701 28.08 28.21 27.73 28.04 11862789
20110705 28.02 28.29 27.78 28.06 8671248
20110706 28.08 28.25 27.54 28.01 11297468
20110707 28.31 28.83 28.25 28.46 8706174
20110708 27.97 28.20 27.61 28.16 6327690
20110711 27.58 28.02 27.28 27.44 7190640
20110712 27.37 27.74 27.11 27.24 8027931
20110713 27.46 28.09 27.29 27.47 6483377
20110714 27.49 27.58 26.78 26.87 8892102
20110715 27.04 27.33 26.81 27.15 6607907
20110718 27.00 27.17 26.43 26.88 6463420
20110719 27.16 27.61 26.98 27.46 8734786
20110720 27.65 28.33 27.63 28.23 10758111
20110721 28.41 29.09 28.37 28.71 10037102
20110722 28.65 29.15 28.59 29.01 7313031
20110725 28.64 28.86 28.45 28.62 6473297
20110726 28.56 28.65 28.11 28.28 7589481
20110727 28.07 28.27 27.54 27.58 11983246
20110728 27.57 28.18 27.34 27.43 8831212
20110729 27.06 27.48 26.61 26.88 12120809
20110801 27.12 27.40 26.22 26.79 14460396
20110802 26.47 27.03 25.76 25.81 18463976
20110803 26.25 26.40 24.85 26.22 23171356
20110804 25.70 25.70 23.76 23.78 26394054
20110805 24.25 24.37 22.43 23.33 24002232
20110808 22.23 22.38 20.57 20.93 25476934
20110809 21.39 24.07 21.22 24.04 29465138
20110810 23.31 23.82 22.62 22.74 19686158
20110811 22.86 24.48 22.64 24.22 19184374
20110812 24.37 24.61 23.99 24.48 9904325
20110815 24.57 24.64 24.05 24.55 8776737
20110816 24.13 24.58 23.86 24.41 8055932
20110817 24.54 24.87 24.09 24.47 8797713
20110818 23.14 23.45 21.80 22.06 15110332
20110819 21.52 22.59 21.52 21.65 9302653
20110822 22.24 22.64 21.66 21.73 9401625
20110823 21.92 22.96 21.65 22.89 10502128
20110824 22.85 23.23 22.58 22.79 8885789
20110825 22.93 23.26 22.17 22.25 7567589
20110826 22.02 23.01 21.44 22.76 11426885
20110829 23.19 24.05 23.07 24.03 6510870
20110830 23.73 24.80 23.68 24.59 10940985
20110831 24.84 25.25 24.27 24.60 10030382
20110901 24.59 25.08 24.22 24.36 8879782
20110902 23.61 23.83 22.70 22.94 8466788
20110906 22.01 22.66 21.57 22.54 8981707
20110907 22.99 23.68 22.93 23.34 9941664
20110908 23.08 23.45 22.65 22.76 7192256
20110909 22.47 22.53 21.54 21.84 9855694
20110912 21.40 21.99 21.10 21.90 11597797
20110913 22.04 22.97 21.94 22.68 11361685
20110914 22.83 23.52 22.39 23.04 13952028
20110915 23.29 23.58 22.88 23.56 7612981
20110916 23.73 24.00 23.30 23.87 8825883
20110919 23.24 24.23 22.98 24.12 8865928
20110920 24.27 24.29 23.38 23.44 7456350
20110921 23.39 23.88 22.37 22.42 10132865
20110922 21.39 21.68 20.21 20.81 18429446
20110923 20.71 21.62 20.58 21.15 8530362
20110926 21.45 21.74 20.71 21.71 8269818
20110927 22.42 22.83 21.72 21.89 10115935
20110928 22.05 22.15 20.89 20.95 9465891
20110929 21.42 21.42 19.97 20.68 17537004
20110930 20.25 20.68 19.80 20.10 8853154
20111003 19.98 20.01 18.61 18.69 16972626
20111004 18.37 19.34 17.75 19.32 17335868
20111005 20.13 20.67 19.55 20.57 11682246
20111006 20.57 21.41 20.09 21.39 10153952
20111007 21.57 21.66 20.96 21.22 7401808
20111010 21.76 22.74 21.75 22.60 7655053
20111011 22.38 22.89 22.14 22.78 7308944
20111012 23.12 23.55 22.98 23.12 7432323
20111013 22.89 23.25 22.37 23.18 7181713
20111014 23.63 24.27 22.84 23.27 8748733
20111017 23.12 23.19 22.46 22.55 5815018
20111018 23.10 23.76 22.57 23.49 8207672
20111019 23.45 23.66 22.91 23.01 5025476
20111020 23.03 23.82 22.70 23.73 7648666
20111021 24.30 24.76 24.04 24.57 7482810
20111024 24.75 25.61 24.52 25.19 7154949
20111025 24.88 24.95 24.21 24.29 8157793
20111026 24.71 25.06 24.14 24.86 7317865
20111027 26.01 26.41 25.50 25.66 12982132
20111028 25.83 25.95 24.92 25.45 8598996
20111031 25.03 25.84 24.95 25.46 10286861
20111101 24.17 24.89 23.84 24.28 11203431
20111102 24.90 25.19 24.46 24.61 8539385
20111103 24.98 25.06 23.60 24.19 15157733
20111104 23.80 25.18 23.60 24.84 15137862
20111107 24.91 24.99 24.38 24.90 7030151
20111108 25.01 25.54 24.49 25.47 9758573
20111109 24.63 24.92 24.05 24.19 9142896
20111110 24.52 24.80 24.05 24.72 9533511
20111111 25.27 26.47 25.19 25.89 9414289
20111114 25.13 25.82 25.13 25.73 9865123
20111115 25.57 25.63 24.86 25.13 9529050
20111116 24.81 25.50 24.63 24.72 7766165
20111117 24.70 24.79 23.97 24.41 13367982
20111118 24.72 24.72 24.22 24.44 7673099
20111121 23.86 23.99 23.55 23.76 8293946
20111122 23.64 24.14 23.54 23.93 7252476
20111123 23.54 23.69 23.03 23.12 5942452
20111125 23.11 23.56 23.11 23.23 3311455
20111128 24.17 24.41 23.76 24.06 6197117
20111129 24.17 24.51 23.91 24.29 6918025
20111130 25.22 25.70 25.12 25.69 11496418
20111201 25.76 25.79 25.01 25.07 7973688
20111202 25.47 25.65 24.95 25.21 7517380
20111205 25.76 26.04 25.14 25.29 10036961
20111206 25.29 26.01 25.27 25.87 8421785
20111207 25.56 26.34 25.40 26.18 10018995
20111208 25.99 26.01 25.31 25.39 6738647
20111209 25.68 26.49 25.46 26.38 6462128
20111212 25.92 26.10 25.44 25.99 6553022
20111213 26.18 26.42 25.14 25.28 7228361
20111214 25.01 25.06 24.38 24.79 6560394
20111215 25.00 25.05 24.43 24.48 8750828
20111216 24.71 25.02 24.39 24.60 7561132
20111219 24.83 25.03 24.25 24.39 7548811
20111220 24.91 25.84 24.83 25.59 7082426
20111221 25.55 26.03 25.40 25.87 5453210
20111222 25.90 26.24 25.58 26.19 4834124
20111223 26.27 26.71 26.09 26.63 3241870
20111227 26.52 26.93 26.50 26.78 3286610
20111228 26.74 26.80 26.37 26.65 6538479
20111229 26.78 27.05 26.65 26.97 3181679
20111230 27.00 27.45 26.87 26.87 4264221
20120103 27.58 27.86 26.97 27.00 7364095
20120104 27.10 27.69 26.91 27.63 7645260
20120105 27.40 27.85 27.06 27.70 4359255
20120106 27.74 27.79 27.35 27.52 5583693
20120109 27.51 27.89 27.39 27.58 4914716
20120110 27.78 28.34 27.57 28.33 7641725
20120111 28.27 28.36 27.63 27.87 5035200
20120112 27.94 28.03 27.51 27.80 4812713
20120113 27.55 27.69 27.17 27.48 4412479
20120117 27.98 28.23 27.66 27.81 3549596
20120118 27.73 28.04 27.57 28.01 5540670
20120119 28.03 28.57 27.93 28.55 4887953
20120120 28.58 28.59 27.54 27.76 7656571
20120123 27.81 28.72 27.66 28.56 8225261
20120124 28.29 28.67 28.01 28.36 8487237
20120125 28.28 28.71 27.99 28.48 8562779
20120126 28.69 28.89 28.31 28.44 5951004
20120127 28.36 28.68 28.24 28.56 4518218
20120130 28.22 28.50 27.88 28.40 5982311
20120131 28.75 29.07 28.11 28.20 5578441
20120201 28.64 29.33 28.60 28.63 7071620
20120202 28.44 29.03 27.96 28.81 8920496
20120203 29.19 29.32 28.75 29.19 7088284
20120206 28.95 29.35 28.92 29.34 4199182
20120207 29.32 29.64 28.99 29.61 7753322
20120208 29.56 29.78 29.23 29.44 4597901
20120209 29.41 29.59 28.89 29.48 5793455
20120210 29.07 29.71 28.81 29.61 5157907
20120213 29.90 30.08 29.77 29.91 6061187
20120214 29.92 30.01 29.25 29.50 5585813
20120215 29.03 29.62 28.91 29.28 8513596
20120216 28.07 29.18 27.94 29.01 14154349
20120217 29.53 29.58 29.06 29.30 8253034
20120221 29.53 29.76 29.14 29.25 4905728
20120222 29.21 29.56 29.10 29.14 4726465
20120223 29.26 29.32 28.98 29.15 7327031
20120224 29.29 29.64 29.18 29.46 5629240
20120227 29.12 29.86 28.91 29.54 3785616
20120228 29.54 29.79 29.30 29.70 5465228
20120229 29.83 30.02 29.52 29.61 11077905
20120301 29.66 30.25 29.53 30.05 9241653
20120302 30.05 30.22 29.76 29.99 5529762
20120305 29.85 29.96 29.32 29.58 5604295
20120306 29.16 29.20 28.57 28.79 7238763
20120307 28.90 29.59 28.81 29.50 6961235
20120308 29.74 30.47 29.72 30.34 8813048
20120309 30.43 30.79 30.29 30.61 6933338
20120312 30.69 30.80 30.18 30.36 3892183
20120313 30.44 31.23 30.35 31.13 10278165
20120314 31.43 31.59 31.08 31.23 9517726
20120315 31.23 31.39 30.89 31.32 6930922
20120316 31.33 31.54 31.26 31.38 5947635
20120319 31.26 31.84 31.12 31.61 4949451
20120320 31.34 31.50 31.19 31.49 5823932
20120321 31.57 31.64 31.18 31.35 5134956
20120322 31.06 31.32 30.96 31.23 4624943
20120323 31.20 31.77 31.14 31.63 5500329
20120326 32.01 32.35 31.77 32.21 7947828
20120327 32.31 32.40 32.07 32.29 5091373
20120328 32.00 32.45 31.93 32.02 8194329
20120329 31.79 32.70 31.72 32.62 7683511
20120330 32.77 33.72 32.75 33.69 15612013
20120402 33.58 33.77 33.18 33.52 8211642
20120403 33.52 33.95 33.20 33.66 6719247
20120404 33.24 33.36 32.55 32.78 8421807
20120405 32.73 33.23 32.58 33.11 7250398
20120409 31.77 32.55 31.16 32.33 8877668
20120410 32.29 32.35 31.05 31.10 12327175
20120411 31.60 31.67 31.29 31.43 6644764
20120412 31.45 32.00 31.20 31.97 8737658
20120413 31.85 32.42 31.75 32.30 6843052
20120416 32.44 32.44 31.88 32.10 6973398
20120417 32.46 32.83 32.07 32.61 7455429
20120418 32.50 32.84 32.22 32.71 6506365
20120419 32.84 33.18 32.55 33.06 10292458
20120420 33.18 33.47 32.97 33.09 5057151
20120423 32.74 32.74 32.05 32.46 5853020
20120424 32.40 32.75 32.15 32.34 5127407
20120425 32.69 33.22 32.63 33.04 3988911
20120426 33.07 33.98 32.93 33.91 6683213
20120427 34.14 34.34 33.76 34.11 12157473
20120430 33.70 33.77 33.05 33.16 7812449
20120501 33.32 33.71 32.99 33.20 9460051
20120502 34.76 34.77 33.40 33.97 14921930
20120503 33.95 34.25 33.55 33.84 5175922
20120504 33.53 33.69 32.91 33.00 7180745
20120507 32.19 33.05 32.16 32.76 7158501
20120508 32.58 32.80 31.72 32.69 12431855
20120509 32.30 33.08 32.00 32.73 12564819
20120510 32.99 33.36 32.73 32.82 9159599
20120511 32.69 33.25 32.56 32.59 5151463
20120514 32.10 32.18 31.50 31.56 8323871
20120515 31.50 31.90 31.31 31.76 10701314
20120516 31.90 32.26 31.55 31.57 5181056
20120517 31.58 31.62 29.79 29.82 15915082
20120518 30.01 30.75 29.62 30.36 11359489
20120521 30.40 31.34 30.21 31.30 6426043
20120522 31.41 31.55 30.74 30.97 6789000
20120523 30.72 31.40 30.48 31.25 6518443
20120524 31.39 31.74 31.16 31.42 4839436
20120525 31.54 31.60 31.11 31.35 5083522
20120529 31.41 32.32 31.40 32.15 8076464
20120530 31.73 31.73 31.06 31.34 5850806
20120531 31.31 32.05 30.77 31.71 7324278
20120601 31.02 31.10 30.11 30.13 8409527
20120604 30.25 30.53 29.76 30.42 7068919
20120605 30.06 31.33 30.02 31.27 8093071
20120606 31.64 31.93 31.49 31.72 6346627
20120607 32.27 32.56 31.55 31.63 5054156
20120608 31.37 32.14 31.27 32.13 4317470
20120611 32.57 32.61 31.42 31.47 4234390
20120612 31.55 32.42 31.53 32.35 4871841
20120613 31.81 31.95 31.12 31.30 12574734
20120614 31.52 31.73 31.19 31.62 5717996
20120615 31.71 31.84 31.33 31.51 8102142
20120618 31.36 31.59 30.89 31.52 6869281
20120619 31.78 32.07 31.45 31.84 3459876
20120620 31.96 32.39 31.72 31.91 6742855
20120621 32.12 32.28 31.54 31.63 8613065
20120622 31.55 31.81 31.23 31.34 7554694
20120625 30.90 31.36 30.63 30.99 7600549
20120626 31.23 31.81 31.02 31.45 4496073
20120627 31.61 32.06 31.61 31.87 3937588
20120628 31.73 31.74 31.33 31.65 6962797
20120629 32.39 32.67 32.02 32.67 6976744
20120702 32.65 33.00 32.43 32.89 3901165
20120703 32.82 32.89 32.53 32.71 1996939
20120705 32.56 32.77 32.31 32.47 3337964
20120706 32.09 32.55 32.08 32.45 3505931
20120709 32.41 32.60 31.94 32.08 2908013
20120710 32.20 32.34 31.31 31.47 4640058
20120711 31.44 31.53 30.68 30.82 7649815
20120712 30.52 30.77 29.75 30.51 11571649
20120713 30.54 31.29 30.54 31.18 3414422
20120716 31.01 31.43 30.52 31.39 6641513
20120717 31.50 31.93 30.87 31.86 5328783
20120718 31.62 31.93 31.36 31.45 6161794
20120719 31.49 31.94 31.34 31.65 5523339
20120720 31.29 31.53 31.24 31.38 6321934
20120723 30.84 30.94 30.42 30.77 6396887
20120724 30.85 31.07 30.51 30.80 4788058
20120725 30.97 31.23 30.77 31.01 6083530
20120726 31.62 32.63 31.48 32.52 7203910
20120727 32.77 33.62 32.70 33.46 5469859
20120730 33.48 33.78 33.24 33.44 3985851
20120731 33.22 33.73 32.77 33.35 7753967
20120801 33.49 33.63 32.91 32.96 4245627
20120802 32.71 33.52 32.55 32.93 7454155
20120803 34.15 35.06 34.15 34.94 10817806
20120806 35.01 35.76 34.90 35.38 6734727
20120807 35.58 35.78 35.52 35.53 4794881
20120808 35.24 35.56 35.22 35.53 6246078
20120809 35.49 35.71 35.33 35.45 4715011
20120810 35.35 35.62 35.30 35.57 4520254
20120813 35.39 35.63 35.22 35.60 3615902
20120814 35.71 36.07 35.54 35.88 5311926
20120815 35.89 35.95 35.52 35.95 5084859
20120816 35.93 36.13 35.80 35.92 5137236
20120817 35.95 35.98 35.62 35.84 4716215
20120820 35.81 35.96 35.50 35.96 3098958
20120821 35.96 36.31 35.62 36.12 4134452
20120822 36.08 36.16 35.85 35.98 3542354
20120823 35.99 36.17 35.75 35.84 4835117
20120824 35.69 36.51 35.69 36.43 4219840
20120827 36.49 36.63 36.26 36.34 3651121
20120828 36.26 36.29 35.96 36.23 2922462
20120829 36.24 36.33 35.92 36.06 3491583
20120830 35.91 36.14 35.63 35.88 3695872
20120831 36.11 36.31 35.77 36.22 3741727
20120904 36.11 36.27 35.78 35.82 3552288
20120905 35.80 35.88 35.19 35.44 9100209
20120906 35.91 36.73 35.87 36.71 5310700
20120907 36.62 37.02 36.51 37.02 3883400
20120910 36.88 37.11 36.72 36.90 4018000
20120911 36.89 36.89 36.44 36.84 5481500
20120912 36.63 36.83 36.09 36.16 6290600
20120913 36.13 37.10 35.90 36.95 7719700
20120914 37.05 37.82 36.85 37.15 5768200
20120917 37.14 37.15 36.74 37.13 7419000
20120918 37.04 37.11 36.53 36.57 5019600
20120919 36.81 37.26 36.52 37.06 5415600
20120920 36.90 37.15 36.55 36.70 7697100
20120921 36.99 38.32 36.95 37.90 14054100
20120924 37.70 37.78 37.05 37.24 8538700
20120925 37.47 37.71 36.26 36.34 7988200
20120926 36.25 36.33 35.49 35.57 11529100
20120927 35.72 36.29 35.64 35.96 6113000
20120928 35.78 36.35 35.69 36.33 9620300
20121001 36.40 36.55 35.48 35.52 6745100
20121002 35.57 35.79 34.89 34.99 7977100
20121003 35.01 35.18 34.13 34.85 15557400
20121004 35.07 36.07 35.00 36.00 10496800
20121005 36.13 36.65 35.90 36.49 11914900
20121008 36.40 36.59 36.02 36.20 6691400
20121009 36.12 36.13 34.76 34.86 7756500
20121010 34.83 34.86 34.42 34.61 5646800
20121011 34.84 34.84 33.42 33.83 11684100
20121012 33.79 34.18 33.26 33.77 7346800
20121015 33.36 34.08 33.18 34.03 6602700
20121016 34.32 34.37 33.95 34.07 5372200
20121017 34.19 34.45 34.08 34.42 5542600
20121018 34.34 34.53 34.00 34.06 6032700
20121019 34.00 34.15 33.31 33.74 7722300
20121022 33.63 34.12 33.55 33.93 4407200
20121023 33.33 33.54 33.09 33.28 5219700
20121024 33.41 33.59 33.00 33.07 4540100
20121025 33.37 33.59 32.70 33.28 6457600
20121026 33.39 33.58 32.49 32.87 7695700
20121031 33.01 33.01 31.84 32.40 6407600
20121101 32.56 33.47 32.53 33.45 7625500
20121102 33.79 34.11 33.16 33.21 7939600
