20101118 35.00 35.99 33.89 34.19 457044288
20101119 34.15 34.50 33.11 34.26 107842000
20101122 34.20 34.48 33.81 34.08 36650600
20101123 33.95 33.99 33.19 33.25 31170200
20101124 33.73 33.80 33.22 33.48 26138000
20101126 33.41 33.81 33.21 33.80 12301200
20101129 33.80 33.81 33.07 33.80 27776900
20101130 33.53 34.25 33.36 34.20 57476900
20101201 34.65 34.95 34.42 34.78 34633200
20101202 34.92 34.98 34.51 34.68 23196100
20101203 34.55 34.60 33.97 34.55 19395200
20101206 34.48 34.78 34.41 34.48 11676500
20101207 34.75 34.89 34.46 34.68 20823000
20101208 34.61 34.73 34.33 34.45 12603900
20101209 34.36 34.43 33.62 33.74 18402200
20101210 33.85 33.99 33.53 33.81 11741700
20101213 33.96 34.05 33.70 33.80 11029300
20101214 33.73 33.92 33.45 33.89 15165600
20101215 33.81 34.01 33.61 33.61 10182700
20101216 33.57 33.86 33.56 33.61 9885700
20101217 33.53 34.00 33.19 34.00 35681600
20101220 33.91 34.05 33.74 33.76 12476400
20101221 33.86 33.94 33.72 33.85 9012400
20101222 33.72 34.95 33.53 34.92 20935100
20101223 34.67 35.52 34.62 34.81 20529200
20101227 34.41 34.89 34.19 34.60 7368300
20101228 35.38 35.67 35.07 35.32 23489000
20101229 35.47 36.30 35.25 36.02 20960800
20101230 36.10 36.98 36.02 36.82 16980800
20101231 36.84 36.96 36.57 36.86 6163900
20110103 37.32 38.00 37.03 37.06 24874900
20110104 37.10 37.99 36.68 37.90 32363400
20110105 37.47 38.30 37.47 38.07 22503900
20110106 38.24 39.48 38.07 38.90 38556900
20110107 38.84 39.33 38.51 38.98 19901100
20110110 39.34 39.36 38.44 38.56 18341600
20110111 38.66 39.43 38.51 38.75 14856500
20110112 38.95 39.37 38.37 38.62 16773900
20110113 38.66 38.71 38.11 38.27 11358300
20110114 38.18 38.47 38.04 38.20 5894200
20110118 38.05 38.33 37.32 38.03 8918200
20110119 37.78 37.93 37.26 37.40 12667700
20110120 37.11 37.29 36.27 37.18 15844900
20110121 37.33 37.85 36.82 37.24 9548500
20110124 37.71 37.86 37.03 37.64 12202800
20110125 37.85 38.49 37.71 38.40 12318700
20110126 38.75 38.91 37.86 37.89 11534600
20110127 38.20 38.95 38.03 38.67 13950000
20110128 38.00 38.02 36.01 36.60 37134600
20110131 36.89 37.05 35.89 36.49 13954800
20110201 36.93 37.23 36.13 36.45 28091600
20110202 36.46 36.56 35.58 35.68 17434700
20110203 35.97 36.06 35.13 36.06 19350000
20110204 36.25 36.73 35.89 36.59 11115000
20110207 36.95 37.09 36.61 36.70 7328800
20110208 36.97 37.05 36.40 36.89 6243000
20110209 36.82 36.91 36.28 36.41 6399300
20110210 36.17 36.64 35.52 35.88 11542400
20110211 35.76 36.57 35.55 36.45 13508300
20110214 36.55 36.56 35.47 36.29 7121200
20110215 36.19 36.41 35.80 36.11 10336500
20110216 36.11 36.84 36.02 36.75 8680900
20110217 36.55 36.70 36.30 36.37 7463000
20110218 36.42 36.76 36.38 36.51 6815800
20110222 35.86 36.15 35.45 35.77 13937400
20110223 35.85 35.94 33.80 34.59 28192500
20110224 34.90 35.00 32.05 33.02 63562800
20110225 33.67 34.20 33.05 33.25 29017800
20110228 33.49 33.74 32.86 33.53 15886400
20110301 33.69 33.75 32.43 32.95 27321600
20110302 32.90 33.17 32.59 32.88 14306700
20110303 33.03 33.17 32.65 33.03 17614800
20110304 33.07 33.08 32.01 32.39 24240900
20110307 32.35 32.50 31.52 31.70 15077100
20110308 31.74 32.82 31.69 32.72 14509400
20110309 32.74 32.76 32.10 32.25 11225600
20110310 31.47 31.78 30.95 31.42 38333600
20110311 31.25 32.06 31.24 31.93 14024000
20110314 32.14 32.30 31.43 31.59 9976500
20110315 30.98 32.49 30.65 32.35 21471300
20110316 32.42 32.53 31.40 31.78 14148900
20110317 32.18 32.39 31.33 31.44 11025600
20110318 31.74 31.95 31.42 31.85 9861200
20110321 32.24 32.30 31.23 31.28 13196500
20110322 31.28 31.35 30.51 30.74 16982100
20110323 30.60 31.28 30.20 31.16 23016000
20110324 31.32 31.60 31.24 31.39 15743100
20110325 31.49 31.70 31.09 31.47 15242300
20110328 31.58 31.58 30.85 30.85 10302600
20110329 30.93 31.17 30.68 31.10 9756700
20110330 31.16 31.64 31.04 31.55 7657000
20110331 31.40 31.55 31.00 31.03 8976600
20110401 31.39 32.63 30.84 32.41 29883100
20110404 32.50 32.72 32.20 32.39 12331400
20110405 32.32 32.87 32.10 32.87 10106900
20110406 33.00 33.28 32.52 32.87 8160100
20110407 32.84 32.84 32.07 32.31 11242400
20110408 32.40 32.75 31.33 31.52 16057700
20110411 31.34 31.45 30.55 30.77 15179100
20110412 30.40 31.34 30.10 31.15 19648600
20110413 31.23 31.32 30.59 30.86 13781100
20110414 30.65 30.86 30.35 30.58 9044800
20110415 30.59 30.72 30.18 30.24 9882800
20110418 30.06 30.34 29.90 29.97 12745600
20110419 29.81 29.91 29.17 29.59 19914800
20110420 29.76 30.38 29.42 29.93 22038100
20110421 30.05 31.00 30.01 30.95 18920800
20110425 31.00 31.19 30.32 31.14 15442500
20110426 31.39 31.51 30.96 31.27 15700000
20110427 31.47 31.79 31.28 31.78 14945600
20110428 31.76 32.10 31.48 31.91 15810100
20110429 31.99 32.58 31.91 32.09 13774600
20110502 32.41 32.50 31.92 32.18 11014500
20110503 32.38 33.20 32.36 32.99 29894800
20110504 33.16 33.47 32.71 33.04 20492000
20110505 32.06 32.68 31.49 32.02 26623400
20110506 32.50 32.60 31.84 31.91 12801800
20110509 31.74 32.06 31.36 31.39 10716400
20110510 31.47 31.64 31.33 31.61 7841900
20110511 31.57 31.86 31.11 31.30 9073300
20110512 31.07 31.60 30.93 31.42 14128200
20110513 31.46 31.54 30.85 31.07 10837200
20110516 31.25 31.50 31.08 31.10 7291700
20110517 31.06 31.38 30.83 31.10 11191200
20110518 31.07 31.62 31.00 31.52 9949400
20110519 31.53 31.79 31.31 31.47 9575300
20110520 31.36 31.50 31.10 31.18 7224100
20110523 30.68 31.16 30.50 30.96 8971700
20110524 31.13 31.20 30.50 30.83 8779100
20110525 30.56 31.38 30.50 31.27 14390800
20110526 31.08 31.10 30.52 30.68 12244400
20110527 30.77 31.48 30.59 31.28 9114200
20110531 31.44 31.87 31.13 31.81 22938900
20110601 31.70 31.70 30.15 30.23 19134400
20110602 30.33 30.56 29.40 29.60 22440900
20110603 29.28 29.56 28.90 29.12 21968400
20110606 29.02 29.41 28.55 28.56 13416100
20110607 28.89 29.04 28.39 28.78 15237900
20110608 28.52 29.34 28.40 28.86 16534000
20110609 29.20 29.58 28.91 29.45 13593600
20110610 29.30 29.30 28.65 28.85 11734000
20110613 28.90 29.08 28.29 28.59 9791900
20110614 28.92 29.49 28.86 29.11 10948400
20110615 28.77 29.11 28.64 28.95 11669900
20110616 28.70 28.99 28.17 28.59 14079400
20110617 28.73 29.06 28.57 29.00 16732300
20110620 28.87 29.60 28.77 29.52 9038000
20110621 29.51 30.00 29.43 29.59 12648300
20110622 29.62 30.18 29.50 29.97 15520300
20110623 29.53 30.20 29.32 30.14 13780400
20110624 30.15 30.30 29.66 29.92 50062300
20110627 29.79 30.46 29.60 30.26 15348000
20110628 30.21 30.79 30.18 30.50 12698300
20110629 30.79 30.79 30.25 30.30 12716100
20110630 30.30 30.56 30.22 30.36 18656100
20110701 30.35 30.86 29.92 30.58 18098400
20110705 30.87 31.36 30.58 30.86 8836900
20110706 31.37 31.68 31.09 31.19 14223700
20110707 31.79 32.08 31.65 31.80 13339400
20110708 31.25 31.70 31.16 31.58 9872100
20110711 30.98 31.20 30.55 30.75 8376600
20110712 30.24 30.94 30.02 30.68 10536600
20110713 30.87 31.30 30.61 30.75 8093200
20110714 30.85 30.97 30.03 30.10 10800200
20110715 30.39 30.62 29.52 29.76 10400000
20110718 29.57 29.65 28.62 29.10 13850000
20110719 29.20 29.49 28.76 29.33 10283400
20110720 29.45 29.48 29.05 29.24 6997900
20110721 29.39 30.02 29.16 29.96 12231600
20110722 29.97 30.29 29.88 30.10 7820100
20110725 29.53 29.84 29.39 29.50 8690700
20110726 29.67 29.70 28.96 29.09 9268400
20110727 28.90 29.00 28.03 28.14 14552900
20110728 28.22 28.90 28.02 28.10 11029000
20110729 27.62 28.10 27.31 27.68 12182900
20110801 28.88 28.88 27.70 28.07 12825600
20110802 27.75 28.09 27.02 27.05 18222000
20110803 27.03 27.17 26.13 27.17 15790400
20110804 27.16 27.20 25.71 25.99 38839500
20110805 26.07 26.46 24.49 26.31 34926100
20110808 24.61 25.35 23.79 24.57 32608700
20110809 25.09 25.56 24.00 25.54 26704600
20110810 24.66 25.00 23.83 23.92 20642400
20110811 24.11 26.17 24.11 25.81 25179600
20110812 26.30 26.50 25.49 25.75 18861500
20110815 26.03 26.54 25.79 26.42 12994800
20110816 26.22 26.69 25.69 25.83 10145500
20110817 26.00 26.09 24.90 24.94 12062000
20110818 23.99 24.08 23.27 23.60 15853700
20110819 23.25 23.44 21.71 22.16 34432900
20110822 22.54 22.72 21.18 21.71 27158700
20110823 21.78 22.06 21.21 22.06 20007100
20110824 21.89 22.39 21.57 22.37 14527400
20110825 22.49 22.74 22.10 22.30 11099900
20110826 22.20 23.08 21.80 22.87 10278000
20110829 23.30 23.96 23.27 23.79 10642100
20110830 23.46 23.74 23.05 23.58 8142900
20110831 23.87 24.49 23.83 24.03 12329600
20110901 24.09 24.25 22.91 23.03 16926200
20110902 22.41 22.55 21.73 22.07 14086700
20110906 21.36 21.58 20.88 21.44 14282500
20110907 21.82 23.04 21.82 22.86 13412200
20110908 22.79 23.13 22.24 22.48 11782500
20110909 22.36 22.45 21.47 21.76 11920600
20110912 21.15 21.95 21.00 21.87 9325700
20110913 21.87 22.33 21.50 22.00 11189600
20110914 22.22 22.49 21.62 22.18 11623100
20110915 22.59 22.79 22.15 22.70 8039200
20110916 22.68 22.77 22.34 22.61 7932400
20110919 22.15 23.17 22.05 23.05 14082400
20110920 23.05 23.10 22.42 22.43 9507100
20110921 22.39 22.70 21.22 21.28 9850700
20110922 20.59 20.99 20.04 20.24 17284200
20110923 19.77 21.28 19.77 21.00 13722000
20110926 21.32 21.44 20.53 21.08 8503500
20110927 21.60 21.83 21.08 21.19 11170900
20110928 21.20 21.44 20.37 20.41 10120900
20110929 20.72 20.97 20.12 20.76 10781000
20110930 20.44 20.50 20.10 20.18 10151100
20111003 20.13 20.90 19.65 19.73 13950700
20111004 19.45 21.46 19.05 21.42 23800000
20111005 21.33 22.29 20.76 22.27 17155800
20111006 22.30 22.60 21.75 22.35 13553000
20111007 22.58 22.93 21.82 22.01 14476800
20111010 22.51 22.97 22.36 22.62 11291700
20111011 22.43 22.69 22.28 22.50 10258300
20111012 22.94 23.97 22.86 23.41 17303900
20111013 23.38 23.38 22.50 23.15 9858600
20111014 23.68 24.16 23.36 24.16 14753200
20111017 24.17 24.19 23.15 23.18 8633400
20111018 23.19 23.87 22.77 23.54 14135700
20111019 23.52 23.55 22.96 23.09 7600700
20111020 23.02 23.18 22.51 22.96 9488400
20111021 23.40 24.38 23.20 24.35 12352500
20111024 24.28 25.24 24.25 24.98 13534100
20111025 24.86 25.19 24.16 24.86 11384500
20111026 25.02 25.28 24.69 24.99 17497500
20111027 25.87 26.47 25.20 26.32 18428600
20111028 26.22 26.55 26.00 26.45 10718700
20111031 25.92 26.16 25.61 25.85 8853600
20111101 24.82 24.90 23.25 23.33 25365200
20111102 23.70 23.73 22.92 23.20 14368700
20111103 23.82 24.12 22.76 24.03 19953000
20111104 23.89 23.92 23.31 23.61 9452000
20111107 23.93 24.15 23.52 24.01 9802800
20111108 24.20 25.17 23.98 25.04 19891800
20111109 23.07 23.57 22.15 22.31 32911600
20111110 22.44 22.85 21.93 22.70 15866600
20111111 22.95 23.10 22.22 22.51 15438300
20111114 22.56 23.29 22.51 22.99 13433300
20111115 22.81 23.53 22.60 23.35 13867200
20111116 23.24 23.35 22.62 22.65 9297200
20111117 22.72 22.75 21.56 21.79 12692700
20111118 22.01 22.18 21.62 21.68 6592500
20111121 21.10 21.18 20.54 21.05 11757900
20111122 20.92 21.12 20.70 20.73 7288600
20111123 20.48 20.69 20.06 20.24 9594500
20111125 20.22 20.71 20.21 20.34 2757600
20111128 20.95 21.43 20.65 20.74 8959100
20111129 20.73 20.85 20.30 20.31 7665000
20111130 21.02 21.31 20.94 21.29 11147700
20111201 21.24 21.77 20.93 20.96 12128500
20111202 21.35 21.73 21.13 21.28 9781200
20111205 21.52 21.99 21.43 21.59 9808700
20111206 21.60 21.88 21.28 21.68 10668900
20111207 21.62 22.11 21.48 21.94 9194700
20111208 21.76 21.76 20.85 20.98 11508500
20111209 21.09 21.40 21.06 21.15 6491100
20111212 20.66 20.90 20.56 20.80 6281600
20111213 20.96 21.00 19.95 20.11 12647100
20111214 19.95 20.01 19.42 19.47 15053700
20111215 19.76 20.22 19.51 20.10 10152400
20111216 20.16 20.52 19.97 20.15 9109900
20111219 20.12 20.23 19.00 19.05 15608900
20111220 19.42 19.90 19.35 19.69 13952500
20111221 19.74 20.44 19.58 20.32 13054600
20111222 20.25 20.85 20.17 20.70 7287200
20111223 20.81 20.89 20.45 20.50 6480600
20111227 20.43 20.43 20.08 20.09 5866200
20111228 20.08 20.13 19.76 19.86 7116200
20111229 19.85 20.25 19.71 20.21 6891400
20111230 20.12 20.37 20.05 20.27 6971400
20120103 20.83 21.18 20.75 21.05 9321300
20120104 21.05 21.37 20.75 21.15 7856700
20120105 21.10 22.29 20.96 22.17 17880600
20120106 22.26 23.03 22.24 22.92 18234500
20120109 23.20 23.43 22.70 22.84 12084500
20120110 23.22 23.40 22.78 23.24 13538300
20120111 23.37 24.64 23.34 24.47 21947000
20120112 24.35 24.82 23.76 24.67 16750800
20120113 24.27 24.65 23.91 24.29 12963100
20120117 24.60 24.68 24.17 24.20 9385800
20120118 24.27 24.58 24.02 24.51 8919200
20120119 24.69 24.98 24.45 24.82 15222800
20120120 24.93 25.11 24.84 25.00 9896400
20120123 25.14 25.25 24.79 24.92 8923500
20120124 24.84 24.93 24.50 24.79 8350000
20120125 24.89 25.01 24.38 24.92 13441000
20120126 25.10 25.50 24.60 24.72 11585300
20120127 23.80 24.54 23.33 24.37 14784100
20120130 24.06 24.57 23.95 24.23 6319800
20120131 24.53 24.59 23.95 24.02 9190800
20120201 24.33 24.58 24.07 24.37 13337500
20120202 24.65 24.69 24.30 24.31 6670900
20120203 25.00 26.44 24.79 26.18 25528100
20120206 26.47 26.83 25.95 26.70 17264100
20120207 26.62 26.62 26.15 26.22 10764100
20120208 26.31 26.42 25.58 25.75 17524300
20120209 25.96 26.22 25.50 25.74 7440000
20120210 25.48 25.52 25.25 25.50 9819000
20120213 26.00 26.00 25.21 25.34 10503600
20120214 25.21 25.45 25.00 25.40 9885800
20120215 25.73 25.75 24.90 24.93 13329000
20120216 25.29 27.26 25.27 27.17 35313600
20120217 27.17 27.68 27.01 27.34 17603600
20120221 27.30 27.55 26.99 27.06 8593200
20120222 27.08 27.13 26.53 26.55 10693300
20120223 26.69 27.27 26.26 26.79 10300900
20120224 26.90 26.95 26.06 26.07 9404600
20120227 26.07 26.55 25.57 26.46 8600900
20120228 26.49 26.53 26.10 26.14 7547000
20120229 26.07 26.55 25.92 26.02 12018900
20120301 26.19 26.80 26.15 26.47 8893300
20120302 26.55 26.75 26.36 26.45 8465700
20120305 26.27 26.40 25.80 26.00 7650500
20120306 25.31 25.34 24.38 24.58 19071300
20120307 24.75 25.21 24.75 24.88 6888800
20120308 25.37 25.59 25.10 25.45 8646700
20120309 25.70 25.82 25.39 25.62 6323600
20120312 25.62 25.71 25.15 25.39 4006300
20120313 25.48 26.10 25.33 26.07 8361200
20120314 26.13 26.59 26.00 26.32 9082600
20120315 26.37 26.58 25.88 26.05 10133700
20120316 26.07 26.07 25.26 25.57 11752400
20120319 25.50 25.70 25.24 25.39 5462700
20120320 25.10 25.42 24.60 25.09 10819300
20120321 25.17 25.49 25.10 25.29 6122800
20120322 25.01 25.26 24.87 25.05 5605800
20120323 25.04 25.32 24.77 25.17 5802800
20120326 25.23 25.63 25.14 25.58 7957700
20120327 25.42 25.85 25.34 25.35 6632500
20120328 25.41 25.48 25.02 25.15 5162000
20120329 25.02 25.37 24.94 25.31 6433300
20120330 25.49 25.78 25.11 25.65 6035000
20120402 26.03 26.91 25.98 26.76 14465300
20120403 26.64 27.03 25.27 25.54 26410400
20120404 25.10 25.40 24.90 25.10 9785500
20120405 24.99 25.18 24.61 24.81 8211300
20120409 24.22 24.40 24.03 24.20 7242200
20120410 24.11 24.14 23.29 23.71 11856100
20120411 23.84 24.28 23.82 24.03 9260900
20120412 24.05 24.49 24.00 24.30 5041800
20120413 24.22 24.29 23.62 23.80 7310900
20120416 23.78 23.93 23.36 23.42 7528500
20120417 23.59 24.54 23.55 24.04 10256900
20120418 23.87 24.29 23.75 24.15 6253300
20120419 24.09 24.87 23.87 24.01 11206800
20120420 24.06 24.06 23.52 23.60 12948000
20120423 23.17 23.30 22.90 22.95 16187700
20120424 23.02 23.40 22.88 22.89 8679500
20120425 23.15 23.36 22.89 23.31 5548200
20120426 23.16 23.75 23.16 23.72 8132600
20120427 23.81 24.09 23.34 23.53 10495300
20120430 23.38 23.49 22.80 23.00 8279100
20120501 23.04 23.48 22.60 23.31 10151600
20120502 23.19 23.25 22.63 22.93 14476300
20120503 23.13 23.19 22.19 22.37 22816800
20120504 22.20 22.41 21.82 22.36 14830800
20120507 21.87 22.50 21.85 22.41 7853500
20120508 22.25 22.35 21.87 22.23 9317900
20120509 21.88 22.80 21.85 22.44 9812900
20120510 22.69 22.89 22.34 22.37 7235100
20120511 22.00 22.54 21.98 22.00 8045700
20120514 21.75 21.97 21.60 21.63 9665400
20120515 21.57 21.83 21.34 21.42 7410500
20120516 22.05 22.62 21.85 21.91 13640200
20120517 21.94 22.27 21.55 21.61 12132600
20120518 21.54 21.69 21.09 21.18 7532600
20120521 21.34 21.68 21.26 21.54 6295900
20120522 21.71 21.90 21.34 21.50 7021500
20120523 21.33 22.20 21.32 22.13 8340500
20120524 21.98 22.13 21.82 22.04 5093400
20120525 22.04 22.46 22.00 22.44 5662000
20120529 22.62 22.93 22.59 22.85 9790400
20120530 22.50 22.50 21.98 22.37 7369500
20120531 22.26 22.41 22.00 22.20 6009300
20120601 21.65 23.34 21.45 22.01 29615400
20120604 22.01 22.04 20.66 21.11 15419800
20120605 20.98 21.47 20.97 21.25 5645900
20120606 21.43 21.94 21.34 21.83 6122700
20120607 22.11 22.38 21.76 21.85 5951200
20120608 21.85 22.09 21.50 22.05 4258600
20120611 22.28 22.30 21.90 21.92 6050800
20120612 21.92 22.20 21.68 22.17 6100200
20120613 22.04 22.17 21.74 21.87 10162000
20120614 21.84 21.99 21.58 21.80 4534300
20120615 21.76 21.81 21.42 21.74 5714300
20120618 21.54 21.72 21.38 21.43 6394000
20120619 21.43 22.00 21.40 21.74 7768600
20120620 21.78 21.82 21.28 21.48 8588900
20120621 21.45 21.50 20.60 20.64 9193500
20120622 20.95 20.95 20.46 20.60 6972200
20120625 20.32 20.39 19.91 19.91 9975700
20120626 19.94 20.04 19.62 19.85 8923000
20120627 19.83 19.98 19.62 19.66 8314800
20120628 19.64 19.92 19.49 19.82 11220900
20120629 20.00 20.00 19.24 19.72 13447400
20120702 19.70 19.74 19.30 19.57 6307700
20120703 19.80 21.12 19.67 20.67 10718700
20120705 20.75 21.21 20.54 20.54 8075600
20120706 20.35 20.60 20.05 20.31 6512900
20120709 20.21 20.40 20.05 20.22 5520400
20120710 20.25 20.48 19.73 19.80 9803300
20120711 19.75 20.01 19.60 19.90 6668400
20120712 19.61 19.77 19.23 19.33 14117000
20120713 19.33 19.71 19.27 19.62 7474700
20120716 19.47 19.55 19.23 19.38 9066500
20120717 19.55 19.60 19.30 19.60 7951200
20120718 19.62 20.21 19.57 20.07 8770400
20120719 20.12 20.35 20.07 20.14 6855400
20120720 20.02 20.16 19.33 19.36 8798000
20120723 19.09 19.36 18.85 19.30 8764600
20120724 19.25 19.38 18.85 19.02 8202100
20120725 19.10 19.13 18.72 18.80 6777100
20120726 19.02 19.15 18.75 19.11 5571600
20120727 19.14 19.69 19.07 19.67 6803900
20120730 19.55 19.65 19.30 19.36 4219200
20120731 19.46 19.77 19.37 19.71 5607600
20120801 19.78 20.58 19.43 19.66 14831900
20120802 19.59 20.06 18.93 19.14 10881000
20120803 19.26 20.10 19.25 20.04 9394800
20120806 20.05 20.10 19.76 19.85 6205800
20120807 19.92 20.52 19.92 20.42 9577200
20120808 20.14 20.45 20.05 20.38 4702600
20120809 20.37 20.82 20.21 20.65 6651400
20120810 20.52 20.70 20.31 20.54 3899800
20120813 20.52 20.80 20.36 20.47 4027000
20120814 20.63 20.79 20.10 20.21 7681000
20120815 20.21 20.36 19.98 20.14 6498600
20120816 20.12 21.46 20.12 21.33 14407500
20120817 21.35 22.14 21.34 22.01 17952300
20120820 21.75 22.02 21.66 21.87 6615800
20120821 21.95 22.07 21.52 21.63 6545200
20120822 21.58 21.75 21.14 21.73 7180500
20120823 21.61 21.61 21.23 21.34 8960500
20120824 21.21 21.36 21.07 21.18 5443300
20120827 21.20 21.37 21.00 21.22 6216400
20120828 21.00 21.25 20.91 20.94 5784600
20120829 20.90 21.64 20.86 21.30 9625000
20120830 21.25 21.26 21.02 21.11 3882800
20120831 21.30 21.48 21.11 21.35 5826200
20120904 21.25 21.50 21.02 21.31 7505300
20120905 21.22 21.76 21.02 21.76 7933000
20120906 21.79 22.73 21.75 22.45 12484800
20120907 22.55 23.42 22.54 23.37 12908400
20120910 23.28 23.42 22.94 22.98 8156800
20120911 22.98 23.25 22.88 22.97 5442600
20120912 23.14 23.33 23.05 23.13 5201000
20120913 23.05 23.68 22.82 23.53 9479800
20120914 23.69 24.33 23.63 24.14 11881300
20120917 23.92 23.95 23.73 23.80 6098600
20120918 24.29 24.45 24.02 24.43 11308000
20120919 24.36 25.15 24.32 24.75 16033600
20120920 24.34 24.54 23.91 24.42 7414900
20120921 24.54 24.89 24.50 24.80 12189300
20120924 24.51 24.68 24.12 24.36 5689300
20120925 24.43 24.50 23.28 23.52 10326800
20120926 23.25 23.73 22.85 23.39 8329400
20120927 23.67 23.70 23.14 23.18 6843400
20120928 23.00 23.10 22.71 22.75 8614500
20121001 23.00 23.41 22.85 23.09 7582100
20121002 23.50 24.10 22.67 23.68 21403400
20121003 23.71 24.61 23.66 24.39 14739000
20121004 24.55 24.67 24.32 24.65 8693500
20121005 24.88 25.43 24.57 24.80 14251000
20121008 24.79 24.81 24.51 24.57 6249500
20121009 24.74 24.86 24.27 24.37 7210000
20121010 24.41 24.58 24.10 24.23 6049300
20121011 24.41 24.99 24.23 24.66 8771700
20121012 24.56 24.83 24.33 24.44 4230300
20121015 24.51 24.58 24.33 24.48 5114300
20121016 24.52 24.85 24.41 24.79 4252100
20121017 24.90 25.13 24.60 25.06 6002700
20121018 25.09 25.72 24.96 25.56 9762100
20121019 25.43 25.50 24.55 24.59 10454300
20121022 24.56 24.85 24.28 24.62 7067800
20121023 24.07 24.10 23.73 23.87 8196000
20121024 24.15 24.27 23.66 23.69 6230800
20121025 23.98 24.27 23.58 23.63 11875900
20121026 23.61 23.90 23.19 23.28 10146900
20121031 24.30 25.72 23.90 25.50 24700200
20121101 25.53 25.85 24.91 25.68 14558100
20121102 25.81 25.99 25.55 25.79 9918400
