20070112 15.87 15.87 15.75 15.75 0
20070116 15.84 15.84 15.72 15.75 472338
20070117 15.77 15.86 15.71 15.71 1115623
20070118 15.72 15.77 15.69 15.75 952489
20070119 15.77 15.77 15.72 15.75 479992
20070122 15.77 15.77 15.72 15.75 454159
20070123 15.76 15.77 15.70 15.72 465640
20070124 15.74 15.74 15.66 15.70 302826
20070125 15.85 15.85 15.36 15.58 584123
20070126 15.60 15.70 15.52 15.65 384472
20070129 15.70 15.71 15.65 15.67 283371
20070130 15.70 15.73 15.66 15.70 418598
20070131 15.73 15.74 15.68 15.71 683790
20070201 15.78 15.79 15.71 15.78 324991
20070202 15.78 15.82 15.75 15.81 1163463
20070205 15.81 15.91 15.73 15.78 165526
20070206 15.79 15.80 15.75 15.75 426412
20070207 15.76 15.78 15.74 15.78 295490
20070208 15.80 15.83 15.72 15.77 296447
20070209 15.74 15.78 15.72 15.73 481587
20070212 15.73 15.79 15.70 15.74 229631
20070213 15.74 15.80 15.72 15.77 222774
20070214 15.75 15.91 15.75 15.80 217033
20070215 15.83 15.92 15.83 15.92 379529
20070216 15.91 15.93 15.87 15.92 136662
20070220 15.88 15.93 15.87 15.90 183226
20070221 15.90 15.90 15.78 15.88 159785
20070222 15.87 16.00 15.83 15.85 111148
20070223 15.85 15.88 15.83 15.84 121513
20070226 15.84 15.91 15.80 15.85 125021
20070227 15.86 15.93 15.83 15.93 135387
20070228 15.93 15.93 15.87 15.90 592894
20070301 15.93 15.93 15.86 15.90 120716
20070302 15.90 15.93 15.87 15.88 106523
20070305 15.93 15.97 15.88 15.92 202681
20070306 15.95 15.95 15.90 15.93 254826
20070307 15.92 15.95 15.91 15.94 79095
20070308 15.92 15.96 15.92 15.94 67135
20070309 15.92 15.97 15.90 15.97 90577
20070312 16.03 16.07 16.00 16.06 159578
20070313 16.06 16.06 16.02 16.05 501799
20070314 16.06 16.06 16.02 16.03 141533
20070315 16.03 16.03 15.98 16.01 169777
20070316 16.04 16.04 15.98 16.01 300326
20070319 15.98 16.04 15.96 15.97 239288
20070320 16.00 16.00 15.93 15.96 234267
20070321 16.31 16.31 15.93 16.00 220773
20070322 15.98 16.04 15.98 15.98 626857
20070323 15.98 16.03 15.96 15.98 165227
20070326 15.96 16.22 15.96 16.01 158950
20070327 16.22 16.22 16.00 16.00 226579
20070328 16.19 16.19 15.96 15.97 164442
20070329 16.00 16.05 15.98 15.98 130236
20070330 15.99 16.06 15.99 16.03 120507
20070402 16.03 16.06 16.02 16.02 141847
20070403 16.03 16.09 16.02 16.08 214026
20070404 16.09 16.12 16.08 16.12 111877
20070405 16.35 16.35 16.05 16.12 90380
20070409 16.12 16.16 16.07 16.12 56331
20070410 16.09 16.12 16.07 16.11 101835
20070411 16.12 16.16 16.09 16.10 192843
20070412 16.10 16.14 16.09 16.09 71080
20070413 16.07 16.10 16.05 16.05 57586
20070416 16.05 16.07 15.97 16.02 123332
20070417 16.01 16.12 16.01 16.05 144514
20070418 16.06 16.06 15.93 15.95 192529
20070419 16.00 16.00 15.96 16.00 112505
20070420 15.96 16.09 15.96 16.03 72963
20070423 16.05 16.06 15.96 16.00 96343
20070424 16.00 16.06 15.96 16.06 152517
20070425 16.06 16.06 15.97 16.04 112348
20070426 16.04 16.06 15.95 16.06 183899
20070427 16.06 16.08 16.02 16.05 104032
20070430 16.06 16.06 16.00 16.03 258431
20070501 16.07 16.07 16.02 16.05 46759
20070502 16.03 16.06 15.98 15.98 92577
20070503 15.98 16.02 15.95 15.98 66530
20070504 16.01 16.03 16.01 16.01 56017
20070507 16.03 16.05 16.00 16.02 52251
20070508 16.07 16.07 16.01 16.01 83947
20070509 16.02 16.07 16.01 16.02 78298
20070510 15.98 16.05 15.98 16.04 63863
20070511 16.02 16.05 16.02 16.03 40169
20070514 16.05 16.05 15.99 15.99 69668
20070515 16.00 16.03 15.98 15.99 93362
20070516 16.03 16.05 15.93 15.96 111563
20070517 15.96 15.97 15.77 15.89 125214
20070518 15.89 15.93 15.84 15.89 80024
20070521 15.84 15.88 15.84 15.87 91636
20070522 15.85 15.92 15.85 15.91 134629
20070523 15.91 15.92 15.86 15.91 216850
20070524 15.90 15.92 15.83 15.90 295462
20070525 15.88 15.91 15.84 15.89 392433
20070529 15.90 15.90 15.81 15.82 307701
20070530 15.87 15.87 15.69 15.84 118781
20070531 15.86 15.86 15.76 15.80 276947
20070601 15.77 15.86 15.76 15.77 147339
20070604 15.78 15.82 15.75 15.82 92420
20070605 15.75 15.81 15.56 15.67 254979
20070606 15.67 15.68 15.59 15.64 265335
20070607 15.54 15.60 15.45 15.45 245565
20070608 15.45 15.47 15.30 15.47 88968
20070611 15.35 15.54 15.35 15.52 135727
20070612 15.55 15.55 15.16 15.20 269123
20070613 15.20 15.35 15.20 15.31 181010
20070614 15.33 15.42 15.26 15.36 256932
20070615 15.33 15.71 15.33 15.71 252611
20070618 15.75 15.88 15.66 15.82 206471
20070619 15.79 15.94 15.73 15.91 83947
20070620 15.94 15.94 15.70 15.75 180547
20070621 15.75 15.78 15.62 15.67 119130
20070622 15.68 15.71 15.55 15.71 118667
20070625 15.73 15.84 15.73 15.81 246284
20070626 15.79 15.81 15.67 15.71 354149
20070627 15.73 15.79 15.68 15.75 64657
20070628 15.79 15.79 15.62 15.75 106013
20070629 15.81 15.90 15.72 15.84 127154
20070702 15.79 15.91 15.79 15.88 79163
20070703 15.86 15.91 15.85 15.85 47991
20070705 15.84 15.84 15.72 15.76 87496
20070706 15.73 15.73 15.64 15.71 59565
20070709 15.71 15.79 15.71 15.77 121290
20070710 15.77 15.88 15.77 15.84 143357
20070711 15.82 15.87 15.74 15.81 127617
20070712 15.88 15.88 15.68 15.79 122216
20070713 15.72 15.79 15.72 15.75 55861
20070716 15.75 15.78 15.68 15.73 411245
20070717 15.75 15.77 15.69 15.71 67589
20070718 15.73 15.77 15.71 15.76 52621
20070719 15.75 15.78 15.71 15.75 54164
20070720 15.71 15.75 15.71 15.73 42745
20070723 15.71 15.73 15.56 15.59 74070
20070724 15.59 15.59 15.31 15.44 58639
20070725 15.42 15.57 15.17 15.26 47220
20070726 15.23 15.23 14.78 15.11 61880
20070727 15.07 15.45 15.07 15.23 61725
20070730 15.23 15.23 15.01 15.07 64966
20070731 15.11 15.23 15.11 15.16 53701
20070801 15.07 15.10 14.81 14.92 74225
20070802 14.89 15.16 14.89 15.16 69750
20070803 15.10 15.14 14.97 15.03 45214
20070806 15.00 15.00 14.45 14.63 110488
20070807 14.63 14.84 14.58 14.81 93051
20070808 14.79 14.97 14.76 14.83 67589
20070809 14.72 14.82 14.70 14.79 126846
20070810 14.68 14.68 14.17 14.53 145363
20070813 14.52 14.52 14.24 14.32 183633
20070814 14.29 15.75 13.97 14.22 131629
20070815 14.13 14.29 13.95 14.02 112186
20070816 13.93 14.08 13.42 14.06 149530
20070817 14.32 14.77 14.26 14.69 123605
20070820 14.78 14.78 14.68 14.76 70521
20070821 14.68 14.85 14.68 14.84 77311
20070822 14.90 15.06 14.90 14.98 501673
20070823 15.00 15.10 14.98 15.09 671109
20070824 15.03 15.14 15.03 15.14 83021
20070827 15.14 15.26 15.03 15.26 51695
20070828 15.23 15.26 15.10 15.26 54164
20070829 15.16 15.33 15.14 15.33 75305
20070830 15.24 15.36 15.15 15.35 192892
20070831 15.28 15.42 15.28 15.40 45368
20070904 15.41 15.55 15.01 15.17 95366
20070905 15.20 15.27 15.13 15.14 140580
20070906 15.24 15.29 15.10 15.25 226069
20070907 15.27 15.55 15.02 15.18 100458
20070910 15.16 15.55 15.14 15.29 70058
20070911 15.30 15.30 15.14 15.18 53547
20070912 15.10 15.16 15.07 15.12 86748
20070913 15.12 15.17 15.09 15.14 59450
20070914 15.07 15.48 15.07 15.17 71583
20070917 15.07 15.46 15.07 15.30 111014
20070918 15.41 15.75 15.24 15.24 83260
20070919 15.34 15.41 15.22 15.41 143165
20070920 15.42 15.42 15.10 15.11 70066
20070921 15.11 15.29 15.05 15.17 109800
20070924 15.17 15.29 15.09 15.23 68094
20070925 15.17 15.29 15.10 15.16 154236
20070926 15.08 15.23 14.97 15.05 111014
20070927 15.00 15.09 14.97 15.07 88417
20070928 14.96 15.16 14.95 15.11 96151
20071001 14.92 15.23 14.92 15.01 109649
20071002 14.99 15.30 14.99 15.25 69763
20071003 15.17 15.26 15.17 15.23 71583
20071004 15.17 15.43 15.17 15.40 82957
20071005 15.28 15.40 15.28 15.30 80682
20071008 15.35 15.35 15.21 15.23 27147
20071009 15.24 15.46 15.23 15.46 76739
20071010 15.40 15.43 15.30 15.42 48986
20071011 15.43 15.43 15.30 15.33 83260
20071012 15.33 15.38 15.30 15.33 55204
20071015 15.31 15.36 15.27 15.28 75677
20071016 15.28 15.31 15.18 15.19 104341
20071017 15.26 15.26 15.17 15.19 85990
20071018 15.55 15.55 15.11 15.22 115867
20071019 15.22 15.22 15.07 15.19 89478
20071022 15.07 15.13 14.93 14.99 125573
20071023 15.01 15.19 15.00 15.09 115260
20071024 14.97 15.07 14.51 14.75 153175
20071025 14.68 14.83 14.54 14.70 110710
20071026 14.75 15.05 14.75 14.96 108436
20071029 14.90 15.03 14.77 14.93 98729
20071030 14.86 14.96 14.67 14.74 128758
20071031 14.78 14.78 14.46 14.64 103734
20071101 14.63 14.63 14.22 14.37 380814
20071102 14.28 14.28 13.65 14.04 898574
20071105 13.30 13.91 13.27 13.89 324852
20071106 13.89 14.17 13.88 14.03 359885
20071107 13.60 13.75 13.52 13.65 227184
20071108 13.59 13.81 13.52 13.63 336984
20071109 13.62 13.72 12.96 13.52 179108
20071112 13.55 13.64 13.19 13.50 107374
20071113 13.52 13.79 13.52 13.78 155601
20071114 13.85 13.95 13.41 13.85 132094
20071115 13.77 13.86 13.57 13.69 107071
20071116 13.52 13.69 13.35 13.56 190179
20071119 13.19 13.48 13.06 13.48 165762
20071120 13.29 13.64 13.29 13.58 190938
20071121 13.39 13.90 13.39 13.79 131184
20071123 14.11 14.11 13.69 13.89 57630
20071126 13.72 13.85 13.17 13.19 130881
20071127 13.29 13.58 13.29 13.52 151355
20071128 13.85 14.18 13.70 14.00 104189
20071129 13.95 13.95 13.72 13.85 186994
20071130 13.80 14.21 13.78 14.11 263430
20071203 14.01 14.23 13.99 14.14 144379
20071204 14.11 14.11 13.60 14.00 505628
20071205 14.14 14.28 13.97 14.14 205800
20071206 14.24 14.59 14.14 14.59 153175
20071207 14.49 14.70 14.45 14.68 130274
20071210 14.64 14.68 14.23 14.37 112985
20071211 14.21 14.37 14.01 14.18 182141
20071212 14.25 14.40 13.90 14.09 142268
20071213 13.90 13.98 13.59 13.76 214889
20071214 13.41 13.84 13.41 13.78 213848
20071217 13.57 13.80 13.51 13.70 222330
20071218 13.61 13.74 13.31 13.74 209532
20071219 13.61 13.71 13.32 13.43 182894
20071220 13.44 13.84 13.24 13.40 219205
20071221 13.41 13.74 13.26 13.44 322483
20071224 13.37 13.74 13.37 13.54 146732
20071226 13.49 13.91 13.39 13.91 223521
20071227 13.47 14.45 13.24 13.37 214889
20071228 13.47 13.53 12.91 13.27 229176
20071231 13.10 13.24 12.90 13.06 247629
20080102 13.12 13.77 13.04 13.65 66520
20080103 13.69 14.31 13.64 14.17 207746
20080104 14.25 14.38 13.99 14.29 119648
20080107 14.35 14.59 14.17 14.55 93307
20080108 14.58 14.84 14.41 14.82 134083
20080109 14.72 14.92 14.72 14.91 72920
20080110 14.94 15.19 14.76 15.19 152685
20080111 14.79 15.18 14.79 15.17 126195
20080114 15.02 15.18 14.97 15.14 113993
20080115 15.18 15.18 14.96 15.05 133636
20080116 15.03 15.15 14.96 15.13 182448
20080117 15.01 15.18 14.45 14.69 176495
20080118 14.60 14.78 14.55 14.73 111760
20080122 14.51 15.25 14.51 15.14 141523
20080123 15.23 15.46 15.07 15.22 81848
20080124 15.30 15.58 15.19 15.42 106849
20080125 15.32 15.59 15.32 15.54 155810
20080128 15.46 15.75 15.46 15.54 138398
20080129 15.62 15.79 15.12 15.66 129767
20080130 15.66 15.82 15.60 15.74 149857
20080131 15.76 15.89 15.76 15.82 73366
20080201 15.85 16.01 15.83 15.83 106998
20080204 15.86 15.98 15.50 15.62 167120
20080205 15.24 15.76 15.24 15.66 119945
20080206 15.74 15.86 15.66 15.79 76342
20080207 15.66 15.85 15.66 15.80 59526
20080208 15.88 16.08 15.72 15.78 221289
20080211 15.85 15.95 15.72 15.72 150304
20080212 15.68 15.76 15.63 15.74 124856
20080213 15.66 15.66 15.46 15.48 84230
20080214 15.62 15.92 15.57 15.92 178578
20080215 15.78 15.79 15.52 15.68 96135
20080219 15.79 15.79 15.52 15.62 57740
20080220 15.59 15.68 15.46 15.56 86759
20080221 15.60 15.61 15.48 15.59 55062
20080222 15.56 15.72 15.48 15.57 154768
20080225 15.57 15.58 15.46 15.48 114439
20080226 15.56 15.66 15.48 15.52 101492
20080227 15.60 15.60 15.46 15.49 40180
20080228 15.56 15.56 15.32 15.44 68902
20080229 15.36 15.44 15.12 15.29 93010
20080303 15.19 15.25 15.05 15.15 94349
20080304 14.95 15.02 14.66 14.83 69348
20080305 14.72 14.96 14.72 14.88 69497
20080306 14.78 14.78 14.59 14.62 94200
20080307 14.55 14.68 14.55 14.67 47919
20080310 14.55 14.68 14.29 14.29 56550
20080311 14.35 15.05 13.96 14.65 122475
20080312 14.54 15.34 14.27 14.38 140952
20080313 14.38 14.38 13.99 14.23 125761
20080314 14.36 14.37 13.11 13.77 165345
20080317 13.01 13.54 11.95 13.25 171187
20080318 14.86 14.86 13.08 14.06 160963
20080319 14.36 14.49 13.14 13.14 196311
20080320 13.45 14.04 13.22 13.90 105897
20080324 14.19 14.71 14.14 14.22 96987
20080325 14.03 14.24 13.86 13.95 93481
20080326 13.86 14.10 13.86 13.97 58426
20080327 13.97 14.07 13.86 13.86 88661
20080328 13.95 14.01 13.64 13.69 95526
20080331 13.51 13.86 13.51 13.63 45280
20080401 13.67 14.10 13.67 14.10 60617
20080402 14.03 14.23 13.75 14.01 54190
20080403 14.16 14.16 13.86 14.09 70403
20080404 14.09 14.29 14.09 14.16 39730
20080407 14.18 14.35 13.97 13.97 79021
20080408 13.97 14.12 13.80 14.11 59740
20080409 14.03 14.34 14.03 14.21 73763
20080410 14.32 14.32 14.09 14.17 30235
20080411 14.07 14.31 14.00 14.19 83111
20080414 13.97 14.13 13.97 14.06 72594
20080415 14.12 14.14 13.92 13.92 48786
20080416 14.10 14.38 14.03 14.35 120649
20080417 14.38 14.48 14.29 14.37 121087
20080418 14.38 14.92 13.87 14.56 216906
20080421 14.56 14.56 13.99 14.07 292421
20080422 13.97 14.12 13.73 13.81 146503
20080423 13.88 13.99 13.67 13.75 136570
20080424 13.66 14.07 13.66 14.07 132919
20080425 14.09 14.28 14.07 14.26 46302
20080428 14.28 14.75 14.28 14.69 122840
20080429 14.62 14.79 14.29 14.69 60032
20080430 14.62 14.79 14.49 14.56 67482
20080501 14.56 14.71 14.47 14.67 111739
20080502 14.72 14.89 14.71 14.89 43527
20080505 14.81 14.88 14.58 14.61 59010
20080506 14.61 14.70 14.58 14.60 49808
20080507 14.52 14.69 14.52 14.64 65729
20080508 14.62 14.78 14.62 14.66 52729
20080509 14.66 14.79 14.66 14.74 62369
20080512 14.75 14.78 14.56 14.56 58426
20080513 14.51 14.65 14.51 14.60 138615
20080514 14.56 14.79 14.56 14.65 61055
20080515 14.72 14.79 14.66 14.72 70841
20080516 14.70 14.84 14.70 14.79 259410
20080519 14.73 14.85 14.60 14.62 107796
20080520 14.58 14.67 14.56 14.56 69965
20080521 14.56 14.68 14.45 14.46 56527
20080522 14.45 14.62 14.45 14.51 52875
20080523 14.53 14.64 14.48 14.51 52875
20080527 14.45 14.66 14.40 14.60 169581
20080528 14.56 14.72 14.55 14.63 247287
20080529 14.60 14.71 14.60 14.69 51415
20080530 14.72 14.75 14.54 14.54 57403
20080602 14.62 14.62 14.14 14.17 56235
20080603 14.14 14.25 14.05 14.05 88953
20080604 13.99 14.04 13.82 13.83 74201
20080605 13.91 14.00 13.84 13.84 38415
20080606 13.81 13.93 13.81 13.90 50684
20080609 13.85 13.99 13.71 13.77 29067
20080610 13.69 13.73 13.58 13.62 79313
20080611 13.47 13.70 13.31 13.42 72268
20080612 13.42 13.55 13.37 13.48 50659
20080613 13.42 13.72 13.42 13.56 102320
20080616 13.52 13.73 13.43 13.56 157702
20080617 13.89 13.89 13.41 13.46 126648
20080618 13.45 13.46 13.33 13.46 63395
20080619 13.51 13.51 13.03 13.14 83144
20080620 13.07 13.07 12.86 12.96 60533
20080623 12.93 12.98 12.60 12.66 146110
20080624 12.47 12.96 12.38 12.92 105755
20080625 12.87 12.92 12.76 12.90 85577
20080626 12.72 12.85 12.59 12.79 209506
20080627 12.75 12.75 12.31 12.41 73127
20080630 12.36 12.41 12.04 12.12 63825
20080701 11.90 12.14 11.74 11.91 90729
20080702 11.90 12.21 11.86 11.98 114913
20080703 12.03 12.03 11.82 11.91 21036
20080707 11.81 11.99 11.81 11.96 140386
20080708 11.87 12.05 11.81 12.02 60390
20080709 11.95 12.09 11.95 11.96 71266
20080710 11.73 11.89 11.26 11.35 71409
20080711 11.01 11.18 10.24 10.64 115629
20080714 10.71 10.89 9.22 9.55 175733
20080715 8.39 9.52 7.51 9.12 253582
20080716 9.01 10.80 8.84 10.59 242849
20080717 11.18 11.90 11.17 11.39 213799
20080718 11.39 12.40 11.39 11.88 125503
20080721 11.88 12.42 11.88 12.16 141674
20080722 11.99 12.41 11.73 12.40 80425
20080723 12.38 12.72 12.35 12.58 119349
20080724 12.61 12.61 12.00 12.19 188326
20080725 11.96 12.11 11.70 12.04 66544
20080728 11.74 11.84 11.40 11.75 110334
20080729 11.61 12.77 11.61 12.26 109332
20080730 12.64 12.76 12.44 12.69 698352
20080731 12.75 12.77 12.58 12.76 187324
20080801 12.52 12.69 12.51 12.63 38352
20080804 12.65 12.66 12.30 12.31 58101
20080805 12.49 12.69 12.49 12.56 98027
20080806 12.57 12.65 12.45 12.57 58959
20080807 12.43 12.65 12.43 12.54 60104
20080808 12.51 12.75 12.51 12.59 54380
20080811 12.52 12.63 12.52 12.63 57957
20080812 12.52 12.64 12.25 12.25 75989
20080813 12.28 12.46 12.00 12.23 86722
20080814 12.33 12.37 12.03 12.22 100460
20080815 12.17 12.26 12.12 12.19 91444
20080818 12.47 12.47 11.77 11.98 79853
20080819 11.73 11.78 11.36 11.36 71839
20080820 11.27 11.54 11.16 11.25 61678
20080821 11.00 11.26 11.00 11.22 42359
20080822 11.22 11.40 11.16 11.32 58673
20080825 11.35 11.35 11.03 11.29 38066
20080826 11.20 11.46 11.20 11.39 72411
20080827 11.39 11.50 11.33 11.44 53664
20080828 11.45 11.81 11.43 11.69 72268
20080829 11.94 12.41 11.89 12.41 70551
20080902 12.67 12.67 12.35 12.40 56956
20080903 12.30 12.51 12.26 12.41 114198
20080904 12.33 12.41 12.25 12.41 56526
20080905 12.31 12.31 12.03 12.26 97741
20080908 12.42 12.70 11.32 11.53 141674
20080909 11.59 11.59 10.01 10.32 138096
20080910 10.07 10.27 9.18 9.55 170103
20080911 7.63 8.79 7.63 8.52 347305
20080912 7.77 9.32 7.76 9.04 474255
20080915 11.49 11.49 9.57 9.91 258356
20080916 9.91 10.04 8.51 10.02 177341
20080917 8.66 9.47 7.36 8.28 317794
20080918 7.18 10.01 7.18 9.63 584084
20080919 11.21 11.21 11.21 11.21 521862
20080922 10.51 11.09 10.42 10.60 119991
20080923 10.46 10.60 10.03 10.45 61944
20080924 10.18 11.03 10.18 10.76 42595
20080925 10.47 11.05 10.47 10.92 131683
20080926 10.42 10.80 9.54 10.66 80875
20080929 10.42 10.42 8.26 8.26 21298
20080930 7.90 10.13 7.90 9.99 70714
20081001 10.13 10.64 10.02 10.63 117207
20081002 10.60 10.66 10.06 10.06 101338
20081003 10.06 10.96 10.06 10.78 195159
20081006 9.77 10.06 9.42 9.95 214368
20081007 9.63 9.95 8.46 8.58 118181
20081008 8.08 8.44 7.90 8.15 404934
20081009 8.01 8.29 6.86 7.36 255293
20081010 5.33 7.18 5.33 7.04 219519
20081013 8.44 8.98 7.76 8.98 47885
20081014 10.10 10.60 9.84 10.34 334220
20081015 9.99 10.59 9.99 10.49 264759
20081016 10.36 10.65 10.02 10.64 129595
20081017 10.71 11.72 10.71 11.06 243600
20081020 11.26 11.49 11.06 11.27 164813
20081021 11.31 11.60 11.26 11.47 166623
20081022 11.24 11.85 11.24 11.39 136973
20081023 11.67 11.71 11.34 11.53 94378
20081024 11.21 11.49 10.85 11.18 208244
20081027 10.92 11.11 10.85 10.85 120687
20081028 10.85 11.13 10.77 11.12 114144
20081029 10.92 11.17 10.53 10.99 116093
20081030 11.27 11.85 11.17 11.57 91037
20081031 11.74 11.85 11.58 11.78 84495
20081103 11.71 11.89 11.71 11.86 56237
20081104 11.75 12.25 11.75 12.21 86861
20081105 12.18 12.37 12.07 12.24 74472
20081106 12.10 12.10 11.81 11.95 65703
20081107 12.21 12.21 11.85 12.06 71827
20081110 11.95 12.23 11.79 11.93 41621
20081111 11.64 12.08 11.61 12.03 53314
20081112 11.82 12.13 11.19 11.39 114979
20081113 11.41 11.41 10.14 10.92 103983
20081114 11.08 12.92 10.54 11.49 70157
20081117 11.31 11.31 10.57 10.73 50669
20081118 10.51 10.62 10.29 10.39 75168
20081119 10.41 10.42 8.86 8.87 59717
20081120 8.51 8.55 7.55 7.90 154234
20081121 7.77 8.13 7.14 7.81 84912
20081124 8.44 9.91 8.44 9.15 103008
20081125 9.48 9.91 9.48 9.65 149919
20081126 9.77 10.34 9.66 10.27 73219
20081128 10.11 10.86 10.11 10.85 28675
20081201 11.72 11.72 10.36 10.45 61527
20081202 10.38 10.68 10.34 10.55 68208
20081203 10.24 10.63 10.20 10.34 83381
20081204 10.25 10.47 10.21 10.24 92847
20081205 10.42 11.23 9.80 11.06 84912
20081208 11.06 11.42 10.82 10.88 65981
20081209 10.80 11.27 10.73 11.13 83659
20081210 11.43 11.43 10.73 10.73 70501
20081211 10.69 10.87 10.55 10.83 62231
20081212 10.69 10.73 10.05 10.16 114700
20081215 10.08 10.22 9.52 9.88 125410
20081216 9.88 10.73 9.88 10.22 174083
20081217 10.04 10.39 10.00 10.35 82161
20081218 10.56 10.84 10.40 10.61 176930
20081219 10.45 10.74 10.45 10.72 62231
20081222 10.72 10.72 10.36 10.54 66705
20081223 10.60 10.78 10.33 10.67 101955
20081224 10.67 10.79 10.33 10.79 33081
20081226 10.73 10.78 10.25 10.58 46368
20081229 10.69 10.84 10.42 10.50 53011
20081230 10.51 11.08 10.49 10.99 89618
20081231 11.06 11.68 11.03 11.68 80127
20090102 11.53 12.61 11.53 12.54 73755
20090105 12.39 13.06 12.38 12.64 156729
20090106 12.64 13.28 12.64 13.08 156593
20090107 12.91 13.13 12.83 12.98 149272
20090108 12.96 13.07 12.66 13.02 108870
20090109 12.88 13.08 12.80 12.95 83381
20090112 12.83 12.95 12.61 12.69 82974
20090113 12.61 12.76 11.73 12.18 102904
20090114 11.62 11.99 11.37 11.40 68874
20090115 11.51 11.51 8.85 10.47 210961
20090116 11.25 11.25 9.26 9.59 147239
20090120 9.59 9.59 8.05 8.28 159983
20090121 8.19 9.77 7.24 9.59 170151
20090122 8.98 8.98 8.05 8.05 123919
20090123 7.41 8.22 7.41 7.97 147916
20090126 8.04 8.90 7.89 8.10 90024
20090127 8.11 8.11 7.74 8.00 165135
20090128 9.09 9.59 8.87 9.43 94227
20090129 9.10 9.94 8.96 9.18 114157
20090130 9.12 9.27 8.42 8.84 144120
20090202 8.56 8.56 7.74 7.96 88397
20090203 7.89 7.89 7.27 7.65 160932
20090204 7.61 7.67 6.82 6.97 194013
20090205 6.38 6.82 5.61 6.68 364571
20090206 6.93 7.82 6.92 7.44 470323
20090209 7.42 8.10 7.42 8.00 104260
20090210 8.00 8.00 7.30 7.38 149950
20090211 7.38 7.67 7.31 7.33 135579
20090212 7.02 7.32 6.55 6.92 137612
20090213 6.66 6.93 6.64 6.93 54367
20090217 6.82 6.82 5.78 5.92 212587
20090218 5.90 5.92 4.73 4.83 504082
20090219 4.87 4.92 4.55 4.75 321864
20090220 4.02 5.27 3.06 5.20 593835
20090223 4.79 5.74 4.42 4.56 331083
20090224 3.84 5.68 3.84 5.42 373384
20090225 5.16 6.23 4.94 6.03 306544
20090226 6.27 6.84 6.27 6.45 213808
20090227 5.57 6.69 5.42 6.51 355081
20090302 5.90 5.95 5.13 5.38 267497
20090303 4.94 5.62 4.94 5.31 219231
20090304 5.32 5.52 4.79 5.30 215435
20090305 4.65 5.13 4.33 4.50 209062
20090306 4.42 4.50 4.11 4.42 253803
20090309 4.25 4.67 3.78 4.20 265599
20090310 4.72 5.47 4.46 5.46 194013
20090311 5.85 5.96 5.41 5.42 112171
20090312 5.55 6.59 5.34 6.59 186524
20090313 6.67 7.16 6.45 6.82 228444
20090316 7.25 7.69 7.00 7.02 203061
20090317 7.39 7.39 6.86 7.08 81148
20090318 6.92 7.76 6.92 7.70 226393
20090319 7.82 8.27 7.72 7.92 199215
20090320 7.78 7.78 7.06 7.22 90249
20090323 7.47 7.82 7.47 7.61 100120
20090324 6.24 7.99 6.24 7.70 79994
20090325 7.99 8.18 7.49 7.60 164218
20090326 7.75 7.77 7.18 7.26 82430
20090327 7.29 7.29 6.91 7.14 54611
20090330 6.38 6.75 5.71 6.64 102428
20090331 6.79 7.12 6.63 7.11 92557
20090401 6.96 7.32 6.84 7.27 45509
20090402 7.54 7.90 7.54 7.69 86532
20090403 7.68 7.80 7.54 7.80 29613
20090406 7.41 7.75 7.41 7.65 36536
20090407 7.46 7.64 7.44 7.62 41151
20090408 7.53 7.73 7.53 7.65 14486
20090409 7.88 8.53 7.88 8.47 104735
20090413 8.39 9.16 8.39 8.91 125119
20090414 8.89 9.04 8.81 8.95 74481
20090415 8.90 9.14 8.85 9.13 56406
20090416 9.13 9.28 9.04 9.28 48458
20090417 9.19 9.52 9.13 9.51 74225
20090420 9.25 9.27 8.53 8.72 115504
20090421 8.33 8.71 7.60 8.50 86404
20090422 8.40 8.73 8.16 8.17 92301
20090423 8.42 8.62 8.24 8.25 100761
20090424 8.35 8.96 8.35 8.78 131272
20090427 8.64 8.92 8.60 8.80 57816
20090428 8.43 8.64 8.28 8.50 94736
20090429 8.51 8.71 8.49 8.64 33331
20090430 8.67 8.96 8.63 8.83 80635
20090501 8.92 8.93 8.67 8.80 79225
20090504 8.81 9.33 8.78 9.30 84352
20090505 9.35 9.44 9.23 9.31 87429
20090506 9.49 10.08 9.49 9.98 251391
20090507 10.37 10.76 10.13 10.32 156783
20090508 10.38 11.20 10.38 11.15 262287
20090511 10.94 11.27 10.76 11.00 122170
20090512 11.23 11.23 10.69 10.96 105889
20090513 10.73 10.73 10.37 10.64 71533
20090514 10.46 10.55 10.25 10.27 50124
20090515 10.34 10.59 10.19 10.28 94736
20090518 10.52 10.98 10.45 10.69 72046
20090519 10.83 11.15 10.83 11.03 63457
20090520 11.12 11.64 11.12 11.60 122298
20090521 11.39 11.60 11.19 11.45 74097
20090522 11.37 11.62 11.31 11.32 74610
20090526 11.37 11.70 11.37 11.70 91788
20090527 11.70 11.79 11.40 11.45 150629
20090528 11.65 11.87 11.59 11.87 90634
20090529 11.87 12.28 11.86 12.17 90378
20090601 12.32 12.42 12.17 12.32 40381
20090602 12.29 12.40 12.28 12.36 96146
20090603 12.36 12.79 12.36 12.78 110761
20090604 12.68 12.86 12.48 12.66 77558
20090605 12.87 13.18 12.72 13.09 83583
20090608 12.89 13.25 12.79 13.04 56662
20090609 13.26 13.41 12.98 13.40 103454
20090610 13.44 13.44 12.96 12.98 110541
20090611 12.99 13.18 12.88 13.10 73485
20090612 13.08 13.37 13.03 13.34 62594
20090615 13.12 13.49 12.93 13.46 112169
20090616 13.46 13.54 12.84 12.84 104657
20090617 12.86 12.95 12.13 12.42 94267
20090618 12.41 12.59 12.12 12.12 74487
20090619 12.12 12.26 11.74 12.17 52579
20090622 12.16 12.25 11.59 11.61 99274
20090623 11.72 12.37 11.70 12.32 98147
20090624 12.24 12.82 12.24 12.51 99149
20090625 12.38 12.90 12.33 12.78 78243
20090626 12.66 12.96 12.35 12.82 66099
20090629 12.86 13.02 12.85 12.94 36430
20090630 12.94 13.05 12.78 12.98 38808
20090701 12.98 13.20 12.90 12.90 44066
20090702 12.78 12.98 12.78 12.83 49449
20090706 12.64 12.95 12.64 12.86 72609
20090707 12.82 12.94 12.72 12.79 90887
20090708 12.82 12.95 12.34 12.85 62093
20090709 12.78 12.86 12.65 12.78 48448
20090710 12.74 13.04 12.70 13.04 59214
20090713 13.09 13.24 12.83 13.24 49700
20090714 13.41 13.41 13.14 13.28 50952
20090715 13.36 13.80 13.34 13.80 116175
20090716 13.63 13.75 13.39 13.72 124437
20090717 13.59 13.70 13.17 13.56 94267
20090720 13.57 13.82 13.57 13.80 102404
20090721 13.67 13.73 13.49 13.49 101528
20090722 13.44 13.68 13.44 13.50 62469
20090723 13.53 13.84 13.53 13.84 132324
20090724 13.80 13.87 13.58 13.75 59590
20090727 13.67 14.14 13.67 14.14 58588
20090728 14.03 14.13 13.96 14.07 94392
20090729 14.04 14.24 14.04 14.18 73235
20090730 14.33 14.34 14.20 14.20 91763
20090731 14.15 14.48 14.15 14.48 74487
20090803 14.77 14.84 14.55 14.73 105408
20090804 14.70 14.99 14.65 14.70 78743
20090805 14.73 14.82 14.67 14.71 154858
20090806 15.05 15.05 14.77 14.81 76114
20090807 14.91 15.42 14.87 14.94 98022
20090810 14.95 15.05 14.70 14.87 103155
20090811 15.00 15.01 14.07 14.59 81497
20090812 14.52 14.92 14.52 14.82 76365
20090813 14.89 15.03 14.89 14.94 56460
20090814 14.97 15.05 14.81 15.04 78368
20090817 14.81 14.93 14.65 14.79 89384
20090818 14.87 14.98 14.74 14.77 139585
20090819 14.98 14.98 14.67 14.68 193541
20090820 14.77 14.94 14.64 14.93 111793
20090821 14.74 14.95 14.67 14.71 96645
20090824 14.85 15.00 14.51 14.67 78868
20090825 14.63 14.86 14.63 14.74 66725
20090826 14.69 14.75 14.49 14.67 155358
20090827 14.59 14.90 14.38 14.79 132825
20090828 14.81 14.83 14.55 14.66 75864
20090831 14.74 14.74 14.51 14.54 49199
20090901 14.50 14.58 14.04 14.22 110040
20090902 14.22 14.26 13.84 14.02 76240
20090903 13.56 14.34 13.56 14.18 64973
20090904 14.42 14.45 14.14 14.14 84502
20090908 14.15 14.43 14.15 14.26 61843
20090909 14.29 14.71 14.29 14.69 71232
20090910 14.85 14.90 14.67 14.78 109221
20090911 14.92 14.92 14.59 14.86 96609
20090914 14.66 14.82 14.62 14.77 60488
20090915 14.81 14.91 14.72 14.79 64773
20090916 14.82 14.95 14.73 14.81 210360
20090917 14.91 14.97 14.69 14.80 86446
20090918 14.86 15.03 14.50 15.03 567164
20090921 14.85 14.99 14.85 14.96 71263
20090922 14.93 15.22 14.93 15.11 93303
20090923 15.13 15.26 15.08 15.08 188442
20090924 15.05 15.31 14.97 15.19 254930
20090925 15.08 15.19 14.98 15.13 166035
20090928 15.07 15.17 14.90 14.94 78977
20090929 15.13 15.22 15.04 15.13 213911
20090930 15.11 15.26 15.03 15.22 91711
20091001 15.25 15.25 15.02 15.07 76038
20091002 14.96 15.15 14.95 15.05 70283
20091005 15.05 15.09 14.89 15.00 151831
20091006 14.98 15.26 14.98 15.22 91956
20091007 15.15 15.30 15.15 15.30 78120
20091008 15.13 15.43 15.13 15.30 118649
20091009 15.40 15.41 15.26 15.37 40774
20091012 15.48 15.48 15.17 15.25 42243
20091013 15.24 15.29 15.08 15.08 148893
20091014 15.35 15.38 15.15 15.37 266562
20091015 15.32 15.44 15.24 15.30 84732
20091016 15.35 15.35 15.08 15.23 59141
20091019 15.18 15.40 15.18 15.28 56569
20091020 15.36 15.42 15.14 15.30 103466
20091021 15.22 15.39 15.22 15.27 52039
20091022 15.24 15.30 15.10 15.10 91466
20091023 15.11 15.16 15.05 15.13 72242
20091026 15.18 15.19 14.95 14.95 56447
20091027 14.87 14.96 14.81 14.92 78365
20091028 14.84 14.89 14.51 14.77 120486
20091029 14.73 15.02 14.72 14.90 56692
20091030 15.07 15.09 14.61 14.96 108119
20091102 14.86 14.97 14.62 14.86 77385
20091103 14.55 14.73 13.96 14.33 133465
20091104 14.37 14.59 14.06 14.25 86201
20091105 14.30 14.46 14.30 14.41 61222
20091106 14.39 14.74 13.82 14.46 1790631
20091109 14.46 14.63 14.43 14.44 82650
20091110 14.46 14.66 14.46 14.59 166280
20091111 14.62 14.93 14.62 14.67 100405
20091112 14.71 14.77 14.44 14.68 63549
20091113 14.64 14.75 14.56 14.66 102731
20091116 14.71 14.85 14.64 14.73 68936
20091117 14.65 14.82 14.57 14.68 293377
20091118 14.71 14.71 14.47 14.56 81671
20091119 14.43 14.57 14.32 14.46 76773
20091120 14.59 14.59 14.37 14.45 83875
20091123 14.50 14.64 14.43 14.57 67100
20091124 14.51 14.65 14.49 14.55 72610
20091125 14.55 14.62 14.50 14.54 86079
20091127 14.33 14.40 14.23 14.23 87058
20091130 14.25 14.50 14.18 14.40 114731
20091201 14.43 14.60 14.41 14.59 982619
20091202 14.60 14.75 14.59 14.70 833726
20091203 15.31 15.39 15.09 15.26 1127593
20091204 15.35 15.51 15.25 15.50 127710
20091207 15.51 15.84 15.44 15.79 197626
20091208 15.70 15.88 15.66 15.76 507533
20091209 15.76 15.79 15.63 15.76 120241
20091210 15.93 15.93 15.77 15.79 123125
20091211 15.76 15.85 15.61 15.76 131517
20091214 15.84 15.85 15.72 15.83 76489
20091215 15.75 15.91 15.75 15.91 121926
20091216 15.97 16.00 15.83 15.96 107659
20091217 15.82 16.00 15.76 15.89 186306
20091218 15.99 16.01 15.81 16.01 203450
20091221 15.98 16.22 15.92 16.14 255481
20091222 16.10 16.27 15.76 16.22 123245
20091223 16.35 16.35 16.06 16.32 66658
20091224 16.20 16.41 16.20 16.41 41241
20091228 16.38 16.41 16.12 16.12 42201
20091229 16.21 16.27 16.08 16.10 99027
20091230 16.06 16.37 15.98 16.24 148541
20091231 16.16 16.22 15.95 15.96 57546
20100104 16.16 16.35 16.01 16.22 56467
20100105 16.18 16.56 16.07 16.36 84761
20100106 16.43 16.60 16.33 16.60 73252
20100107 16.52 16.82 16.52 16.65 101185
20100108 16.57 16.93 16.57 16.77 79725
20100111 16.76 16.90 16.72 16.90 74930
20100112 16.84 16.92 16.82 16.92 85240
20100113 16.94 16.94 16.73 16.81 58385
20100114 16.76 16.92 16.76 16.85 97109
20100115 16.99 18.47 16.79 16.87 154895
20100119 16.69 16.85 16.69 16.82 86679
20100120 16.69 16.84 16.69 16.82 68696
20100121 16.77 16.83 16.62 16.80 74450
20100122 16.69 16.70 16.46 16.47 124683
20100125 16.47 16.49 16.30 16.43 113894
20100126 16.27 16.48 16.27 16.42 106820
20100127 16.38 16.47 16.17 16.47 900598
20100128 16.49 16.52 16.23 16.31 74810
20100129 16.35 16.35 16.17 16.23 56587
20100201 16.41 16.47 16.27 16.43 69055
20100202 16.38 16.64 16.38 16.54 103583
20100203 16.50 16.67 16.48 16.55 228387
20100204 16.35 16.48 16.16 16.19 112455
20100205 16.19 16.22 15.80 16.17 91474
20100208 16.29 16.29 16.00 16.17 123964
20100209 16.12 16.30 16.12 16.30 92194
20100210 16.17 16.47 16.17 16.37 97948
20100211 16.33 16.39 16.18 16.37 97469
20100212 16.26 16.32 16.01 16.09 116531
20100216 16.07 16.22 16.07 16.18 1439015
20100217 16.15 16.36 16.15 16.27 223231
20100218 16.24 16.59 16.24 16.56 175156
20100219 16.50 16.77 16.50 16.77 153576
20100222 16.77 16.96 16.70 16.88 148301
20100223 16.89 17.12 16.82 17.05 135953
20100224 17.10 17.18 16.96 16.96 87998
20100225 16.82 17.02 16.80 17.01 79845
20100226 17.02 17.09 16.94 17.09 79126
20100301 17.05 17.21 17.05 17.10 56467
20100302 17.12 17.22 17.10 17.20 145064
20100303 17.17 17.24 17.04 17.05 142187
20100304 17.02 17.12 16.90 17.07 118329
20100305 17.14 17.22 17.02 17.21 111256
20100308 17.18 17.24 17.11 17.14 116531
20100309 17.12 17.14 17.02 17.10 170960
20100310 17.21 17.32 17.14 17.28 106953
20100311 17.28 17.31 17.12 17.13 123055
20100312 17.22 17.31 17.19 17.30 109892
20100315 17.30 17.43 17.26 17.40 125876
20100316 17.53 17.54 17.40 17.49 126581
20100317 17.54 17.65 17.54 17.65 126934
20100318 18.29 18.29 17.61 17.67 133985
20100319 17.67 17.75 17.48 17.48 198157
20100322 17.54 17.54 17.32 17.43 152203
20100323 17.43 17.58 17.43 17.53 87091
20100324 17.48 17.52 17.47 17.52 92850
20100325 17.60 17.64 17.51 17.51 112360
20100326 17.52 17.56 17.38 17.43 133515
20100329 17.48 17.54 17.36 17.37 146796
20100330 17.39 17.50 17.39 17.47 90381
20100331 17.40 17.63 17.40 17.63 40548
20100401 17.48 17.55 17.36 17.37 201213
20100405 17.40 17.41 17.19 17.19 123055
20100406 17.20 17.30 17.19 17.20 66993
20100407 17.19 17.42 17.19 17.34 119059
20100408 17.26 17.53 17.26 17.43 99314
20100409 17.36 17.40 17.31 17.33 80391
20100412 17.31 17.53 17.28 17.43 81919
20100413 17.51 17.51 17.32 17.37 90146
20100414 17.36 17.71 17.36 17.40 234122
20100415 17.44 17.56 17.43 17.50 172536
20100416 17.50 17.61 17.41 17.44 88148
20100419 17.48 17.48 17.31 17.44 88736
20100420 17.40 17.60 17.33 17.58 56297
20100421 17.60 17.65 17.58 17.65 94025
20100422 17.52 17.65 17.51 17.53 120940
20100423 17.57 17.65 17.54 17.56 83917
20100426 17.59 17.61 17.45 17.56 106131
20100427 17.54 17.54 17.33 17.37 86738
20100428 17.38 17.54 17.28 17.37 83800
20100429 17.54 17.54 17.34 17.34 173593
20100430 17.37 17.45 17.35 17.36 69108
20100503 17.37 17.47 17.37 17.45 59236
20100504 17.35 17.43 17.27 17.30 125758
20100505 17.27 17.28 16.92 16.96 176179
20100506 16.86 17.03 15.32 16.29 253162
20100507 16.70 16.76 15.60 16.33 157844
20100510 16.68 17.12 16.48 16.68 214964
20100511 16.59 16.84 16.51 16.63 174769
20100512 16.69 16.80 16.68 16.78 99079
20100513 16.72 16.98 16.72 16.81 108834
20100514 16.72 16.72 16.55 16.63 116708
20100517 16.61 16.69 16.29 16.68 60646
20100518 16.73 16.73 16.43 16.55 106248
20100519 16.41 16.72 16.37 16.59 151380
20100520 16.42 16.51 16.17 16.26 143858
20100521 15.45 16.74 15.45 16.51 88736
20100524 16.29 16.80 16.29 16.71 73457
20100525 16.41 16.63 16.15 16.53 112947
20100526 16.62 16.86 16.54 16.62 55475
20100527 16.72 17.02 16.70 16.99 98138
20100528 17.09 17.20 16.90 17.07 76513
20100601 16.97 17.27 16.97 17.19 57943
20100602 17.14 17.39 17.14 17.39 67345
20100603 17.54 17.54 17.31 17.44 45720
20100604 17.31 17.38 17.15 17.16 57355
20100607 17.13 17.36 17.13 17.31 43369
20100608 17.28 17.28 17.08 17.11 63702
20100609 17.16 17.21 17.02 17.03 49128
20100610 16.97 17.23 16.97 17.19 62534
20100611 17.02 17.31 17.02 17.31 37313
20100614 17.26 17.32 17.07 17.08 51709
20100615 17.08 17.33 17.04 17.24 95932
20100616 17.31 17.34 17.24 17.30 63455
20100617 17.41 17.41 17.21 17.27 43532
20100618 17.19 17.34 17.18 17.23 41574
20100621 17.27 17.34 17.00 17.11 78196
20100622 17.00 17.05 16.95 17.04 54473
20100623 16.88 17.06 16.88 17.03 42035
20100624 17.01 17.02 16.93 16.95 46872
20100625 16.98 17.28 16.98 17.28 41689
20100628 17.10 17.37 17.10 17.28 62304
20100629 17.26 17.28 16.94 17.22 88791
20100630 17.24 17.30 17.13 17.26 82573
20100701 17.26 17.35 16.83 17.27 92937
20100702 17.37 17.37 17.14 17.19 124147
20100706 17.37 17.37 17.21 17.24 139579
20100707 17.20 17.44 17.20 17.37 58043
20100708 17.54 17.54 17.37 17.44 265223
20100709 17.38 17.57 17.38 17.53 151671
20100712 17.54 17.63 17.49 17.63 114819
20100713 17.65 17.99 17.65 17.90 160193
20100714 17.85 18.08 17.85 18.07 272133
20100715 17.97 18.19 17.97 18.17 188408
20100716 18.10 18.23 17.97 18.21 90289
20100719 18.17 18.21 18.10 18.13 111939
20100720 18.15 18.36 18.11 18.36 126565
20100721 18.37 18.52 18.31 18.47 81075
20100722 18.45 18.60 18.42 18.60 226528
20100723 18.60 18.83 18.57 18.72 198543
20100726 18.80 18.93 18.72 18.92 262920
20100727 18.93 19.06 18.83 18.91 222727
20100728 18.93 18.99 18.83 18.89 256931
20100729 18.88 19.13 18.88 19.10 333170
20100730 19.10 19.53 19.10 19.32 244608
20100802 19.47 19.49 19.37 19.49 157775
20100803 19.43 19.75 19.43 19.73 288371
20100804 19.79 19.95 19.71 19.93 220769
20100805 19.93 20.27 19.87 19.99 219157
20100806 19.82 20.08 19.75 19.90 131978
20100809 20.01 20.07 19.91 19.97 220539
20100810 19.83 20.01 19.83 19.99 151326
20100811 19.88 19.97 19.75 19.96 101229
20100812 19.85 19.92 19.75 19.88 173207
20100813 19.87 19.98 19.86 19.97 203725
20100816 19.92 20.05 19.90 19.96 261077
20100817 20.04 20.21 20.01 20.17 238620
20100818 20.19 20.26 20.02 20.02 269023
20100819 20.06 20.17 20.01 20.15 166988
20100820 20.15 20.18 20.01 20.09 310137
20100823 20.09 20.30 20.03 20.25 300233
20100824 20.17 20.36 20.13 20.36 170558
20100825 20.28 20.31 20.14 20.30 336624
20100826 20.32 20.38 20.26 20.34 100999
20100827 20.32 20.42 20.19 20.27 102035
20100830 20.25 20.36 20.24 20.34 102841
20100831 20.34 20.43 20.27 20.43 155471
20100901 20.42 20.55 20.39 20.55 132093
20100902 20.56 20.62 20.52 20.62 108139
20100903 20.62 20.93 20.62 20.88 105260
20100907 20.93 20.93 20.70 20.85 133130
20100908 20.84 21.06 20.68 21.06 296432
20100909 21.05 21.05 20.84 21.00 155702
20100910 21.18 21.18 20.84 20.87 163979
20100913 20.88 21.01 20.85 20.86 154693
20100914 20.86 20.89 20.71 20.76 145181
20100915 20.76 20.88 20.72 20.72 128307
20100916 20.92 20.92 20.78 20.83 131704
20100917 20.88 21.09 20.78 20.78 194216
20100920 20.98 21.09 20.91 20.97 181759
20100921 20.89 21.45 20.88 21.01 227284
20100922 20.88 21.10 20.88 20.97 168849
20100923 21.01 21.04 20.94 20.94 153901
20100924 20.97 21.19 20.97 21.12 212335
20100927 21.12 21.19 21.10 21.17 104412
20100928 21.18 21.28 21.11 21.13 154920
20100929 21.20 21.21 21.04 21.10 106451
20100930 21.10 21.21 21.01 21.21 117096
20101001 21.33 21.33 21.03 21.06 136348
20101004 21.02 21.17 20.97 21.08 150730
20101005 21.03 21.23 21.03 21.21 195462
20101006 21.17 21.38 21.16 21.38 96712
20101007 21.33 21.37 21.19 21.35 111660
20101008 21.30 21.34 21.20 21.21 72704
20101011 21.21 21.26 21.19 21.19 53112
20101012 21.19 21.29 21.16 21.22 132044
20101013 21.32 21.37 21.21 21.29 242345
20101014 21.29 21.38 20.77 21.03 262729
20101015 21.20 21.20 19.69 20.29 532480
20101018 20.04 20.46 19.87 20.08 271449
20101019 20.13 20.52 19.86 19.87 247441
20101020 19.75 19.86 19.38 19.56 207579
20101021 19.58 19.88 19.54 19.58 216752
20101022 19.67 19.79 19.63 19.67 177909
20101025 20.00 20.00 19.52 19.52 172020
20101026 19.52 19.81 19.43 19.78 278810
20101027 19.25 20.08 19.25 19.99 702008
20101028 20.16 20.40 20.12 20.31 173039
20101029 20.32 20.50 20.31 20.35 116416
20101101 20.41 20.57 20.40 20.45 78932
20101102 20.54 20.57 20.31 20.31 106337
20101103 20.37 20.52 20.35 20.50 313463
20101104 20.71 20.72 20.49 20.60 150050
20101105 20.60 20.70 20.48 20.60 64550
20101108 20.57 20.67 20.48 20.61 91389
20101109 20.66 20.74 20.53 20.69 69872
20101110 20.59 20.84 20.55 20.84 128987
20101111 20.78 20.81 20.49 20.51 65003
20101112 20.45 20.56 20.35 20.49 263862
20101115 20.52 20.53 20.42 20.51 84368
20101116 20.36 20.51 20.31 20.50 261710
20101117 20.53 20.53 20.21 20.23 88105
20101118 20.35 20.43 20.27 20.35 103733
20101119 20.28 20.34 20.18 20.20 55037
20101122 20.14 20.35 19.92 19.92 197160
20101123 19.83 19.88 19.70 19.70 60473
20101124 19.82 20.10 19.64 20.04 61153
20101126 20.04 20.26 20.04 20.25 18685
20101129 20.20 20.20 19.96 19.99 90710
20101130 19.81 20.10 19.74 20.09 98410
20101201 20.15 20.17 19.90 20.04 106451
20101202 19.99 20.18 19.98 20.12 35559
20101203 20.11 20.12 19.87 19.89 109282
20101206 19.89 20.18 19.89 19.95 107923
20101207 20.03 20.13 19.95 19.97 95013
20101208 20.02 20.05 19.91 19.91 84934
20101209 19.94 20.00 19.93 19.95 49488
20101210 20.12 20.13 19.92 20.00 94430
20101213 20.13 20.13 19.88 19.91 85198
20101214 19.91 19.95 19.64 19.64 68515
20101215 19.47 20.03 19.47 19.85 101660
20101216 20.00 20.00 19.59 19.60 74521
20101217 19.55 19.75 19.55 19.55 60062
20101220 19.55 19.69 19.43 19.43 82195
20101221 19.38 19.41 19.11 19.38 79081
20101222 19.33 19.55 19.22 19.42 100325
20101223 19.42 19.47 19.15 19.25 92762
20101227 19.33 19.87 19.20 19.80 123571
20101228 19.54 19.91 19.54 19.91 98101
20101229 19.83 19.96 19.72 19.96 85198
20101230 19.88 19.96 19.80 19.96 61619
20101231 19.95 19.96 19.84 19.96 54834
20110103 19.96 20.17 19.87 19.87 70072
20110104 19.94 20.29 19.94 20.18 136696
20110105 20.23 20.64 20.18 20.63 83419
20110106 20.62 20.71 20.42 20.53 66068
20110107 20.42 20.67 20.42 20.62 87423
20110110 20.47 20.57 20.33 20.51 137697
20110111 20.51 20.56 20.26 20.26 63398
20110112 20.34 20.46 20.30 20.46 49940
20110113 20.45 20.46 20.27 20.34 115897
20110114 20.27 20.34 20.23 20.25 63398
20110118 20.26 20.39 20.26 20.27 86644
20110119 20.27 20.33 20.23 20.26 73409
20110120 20.31 20.45 20.28 20.37 57837
20110121 20.36 20.68 20.36 20.47 186858
20110124 20.40 20.52 20.29 20.29 72296
20110125 20.33 20.57 20.28 20.54 114896
20110126 20.45 20.80 20.41 20.79 90537
20110127 20.73 20.82 20.61 20.67 138364
20110128 20.64 20.71 20.56 20.63 84642
20110131 20.61 20.77 20.53 20.71 92984
20110201 20.71 20.78 20.59 20.59 124683
20110202 20.59 20.72 20.58 20.59 147262
20110203 20.60 20.69 20.51 20.58 631092
20110204 20.61 20.64 20.56 20.60 109890
20110207 20.59 20.66 20.27 20.62 94096
20110208 20.66 20.68 20.58 20.58 105219
20110209 20.60 20.66 20.54 20.60 98657
20110210 20.59 20.75 20.54 20.68 59950
20110211 20.63 20.71 20.61 20.70 43600
20110214 20.63 20.71 20.62 20.67 79304
20110215 20.72 20.81 20.62 20.62 151377
20110216 20.62 20.71 20.55 20.71 73520
20110217 20.66 20.84 20.66 20.74 58504
20110218 20.76 21.02 20.71 20.92 71740
20110222 20.85 20.87 20.56 20.68 105553
20110223 20.68 20.73 20.63 20.68 77413
20110224 20.64 20.72 20.63 20.68 36371
20110225 20.65 20.76 20.65 20.66 56725
20110228 20.68 20.85 20.68 20.82 73631
20110301 20.90 20.93 20.74 20.74 64288
20110302 20.73 21.06 20.73 21.04 98990
20110303 21.00 21.21 20.97 21.18 74743
20110304 21.16 21.34 21.04 21.32 112115
20110307 21.25 21.35 21.18 21.24 54834
20110308 21.24 21.52 21.17 21.43 86533
20110309 21.52 21.56 21.36 21.56 109001
20110310 21.65 21.65 21.26 21.27 89781
20110311 21.21 21.22 20.94 21.13 120948
20110314 21.13 21.15 20.98 21.01 27776
20110315 20.76 21.11 20.71 21.05 80923
20110316 21.05 21.26 21.00 21.06 123682
20110317 21.21 21.21 20.86 20.91 70644
20110318 21.00 21.10 20.68 21.00 102576
20110321 21.09 21.19 21.08 21.12 60802
20110322 21.10 21.21 21.10 21.15 65614
20110323 21.20 21.21 21.03 21.14 171579
20110324 21.12 21.16 20.95 20.95 95796
20110325 20.96 21.17 20.96 21.12 80049
20110328 21.17 21.17 20.99 21.11 61130
20110329 21.14 21.19 21.03 21.15 95796
20110330 21.11 21.22 21.00 21.00 71081
20110331 21.04 21.21 21.01 21.15 90765
20110401 21.12 21.40 21.11 21.39 92734
20110404 21.35 21.43 21.22 21.38 54569
20110405 21.39 21.45 21.35 21.44 98858
20110406 21.45 21.49 21.32 21.49 89125
20110407 21.58 21.58 21.36 21.44 95468
20110408 21.53 21.58 21.32 21.50 96671
20110411 21.46 21.58 21.39 21.51 128821
20110412 21.50 21.52 21.32 21.45 118870
20110413 21.44 21.50 21.22 21.27 98202
20110414 21.23 21.32 21.12 21.18 87157
20110415 21.20 21.25 21.09 21.15 69222
20110418 21.11 21.14 21.03 21.12 48882
20110419 21.11 21.26 21.10 21.22 53475
20110420 21.29 21.43 21.24 21.43 95030
20110421 21.39 21.44 21.31 21.42 57521
20110425 21.36 21.51 21.35 21.47 68676
20110426 21.46 21.49 21.37 21.42 124338
20110427 21.47 21.50 21.40 21.50 56974
20110428 21.52 21.54 21.43 21.47 72175
20110429 21.44 21.54 21.42 21.47 62333
20110502 21.47 21.51 21.38 21.42 56865
20110503 22.24 22.24 21.35 21.58 61239
20110504 21.54 21.58 21.45 21.58 73268
20110505 21.53 21.67 21.47 21.61 64629
20110506 21.67 21.69 21.63 21.68 56318
20110509 21.71 21.85 21.63 21.80 174970
20110510 21.81 21.97 21.78 21.96 100936
20110511 21.96 22.10 21.95 22.04 90984
20110512 22.06 22.26 22.01 22.22 123572
20110513 22.09 22.31 22.09 22.22 119635
20110516 22.18 22.18 22.07 22.16 95796
20110517 22.12 22.26 22.06 22.21 84204
20110518 22.17 22.26 22.07 22.26 111652
20110519 22.25 22.39 22.21 22.39 92078
20110520 22.26 22.36 22.23 22.31 164909
20110523 22.29 22.36 22.13 22.34 100607
20110524 22.28 22.34 22.22 22.32 85735
20110525 22.32 22.35 22.17 22.22 121276
20110526 22.21 22.31 22.10 22.20 181422
20110527 22.19 22.27 22.16 22.16 75674
20110531 22.18 22.23 22.14 22.20 141288
20110601 22.15 22.25 22.15 22.21 187217
20110602 22.17 22.18 21.87 22.16 206027
20110603 22.00 22.22 22.00 22.13 74034
20110606 22.10 22.12 21.89 21.93 130024
20110607 21.99 22.06 21.92 22.01 123900
20110608 22.07 22.14 21.94 21.97 109903
20110609 21.95 21.97 21.82 21.84 112637
20110610 21.94 21.97 21.87 21.90 67409
20110613 21.88 21.90 21.80 21.83 52358
20110614 21.90 21.95 21.69 21.77 123314
20110615 21.79 21.79 21.62 21.64 58916
20110616 21.78 21.78 21.50 21.61 63646
20110617 21.60 21.81 21.55 21.78 67517
20110620 21.71 21.97 21.71 21.91 59991
20110621 21.97 22.17 21.91 22.04 51605
20110622 22.11 22.23 22.01 22.21 53863
20110623 22.19 22.21 21.94 22.02 49455
20110624 22.04 22.15 22.00 22.12 48057
20110627 22.08 22.12 22.00 22.05 115036
20110628 22.03 22.17 22.00 22.11 79558
20110629 22.15 22.23 22.10 22.19 71817
20110630 22.24 22.31 22.04 22.04 263938
20110701 22.15 22.23 22.14 22.22 33651
20110705 22.19 22.27 22.14 22.25 83536
20110706 22.20 22.25 22.13 22.20 106005
20110707 22.20 22.23 22.13 22.17 77945
20110708 22.11 22.20 22.07 22.14 82998
20110711 22.06 22.14 21.65 22.13 98265
20110712 22.05 22.09 21.90 21.98 215558
20110713 21.97 22.04 21.88 22.02 113531
20110714 22.00 22.07 21.95 22.00 520458
20110715 21.96 22.08 21.96 22.07 61819
20110718 22.04 22.04 21.68 21.80 80203
20110719 21.75 21.84 21.59 21.72 147612
20110720 21.72 21.79 21.63 21.70 99877
20110721 21.69 21.86 21.68 21.83 155568
20110722 21.86 21.91 21.80 21.90 108048
20110725 21.82 21.90 21.77 21.78 54508
20110726 21.78 21.86 21.69 21.75 74612
20110727 21.77 21.77 21.45 21.50 113961
20110728 21.50 21.51 21.21 21.22 120949
20110729 21.22 21.22 20.71 21.08 202657
20110801 21.21 21.44 21.04 21.44 59346
20110802 21.47 21.60 21.40 21.40 75580
20110803 21.45 21.69 21.26 21.55 100737
20110804 21.44 21.56 20.96 20.98 331885
20110805 20.94 20.97 18.83 20.09 255230
20110808 20.09 20.09 14.58 16.58 467455
20110809 16.76 19.52 16.74 18.55 284258
20110810 18.31 19.07 18.01 18.70 102242
20110811 18.92 19.81 18.82 19.49 164276
20110812 19.91 20.10 19.46 19.46 69022
20110815 19.68 20.46 19.68 20.19 80525
20110816 20.17 20.22 19.92 20.16 122239
20110817 20.18 20.55 20.04 20.30 189433
20110818 20.35 20.35 19.44 19.68 77730
20110819 19.45 19.91 19.29 19.91 61603
20110822 19.91 19.98 18.77 18.97 132990
20110823 18.79 18.79 17.91 18.16 293611
20110824 18.01 18.94 18.01 18.93 209753
20110825 20.16 20.65 19.98 20.31 189326
20110826 20.23 20.46 20.00 20.44 89341
20110829 20.70 21.14 20.49 21.14 95147
20110830 21.11 21.31 20.84 21.07 133851
20110831 21.13 21.33 20.80 20.93 97619
20110901 20.94 21.09 20.82 21.00 57303
20110902 20.44 20.76 20.05 20.41 79450
20110906 19.91 20.08 19.35 20.04 105790
20110907 20.18 20.85 20.14 20.83 85901
20110908 20.79 20.96 20.45 20.64 97404
20110909 20.65 20.84 20.34 20.60 103963
20110912 20.37 20.49 19.71 20.16 75577
20110913 19.99 20.32 19.53 20.32 106821
20110914 20.30 20.71 20.23 20.61 37261
20110915 20.80 20.84 19.89 20.73 95843
20110916 20.90 20.94 20.43 20.44 140598
20110919 20.33 20.33 19.87 20.07 74416
20110920 20.02 20.12 19.82 19.87 85394
20110921 19.89 19.89 19.08 19.19 132049
20110922 18.62 18.90 18.24 18.56 141232
20110923 18.61 18.86 18.27 18.53 111149
20110926 18.44 18.65 18.25 18.38 128249
20110927 18.81 19.05 18.65 18.91 99643
20110928 18.81 19.04 18.69 18.77 89616
20110929 18.99 19.18 18.78 18.87 56260
20110930 18.85 19.11 17.59 17.59 134054
20111003 17.62 18.63 17.20 17.30 200342
20111004 17.29 17.37 16.47 17.37 224409
20111005 17.37 17.74 17.22 17.65 76421
20111006 17.56 18.68 17.56 18.42 80221
20111007 18.55 18.84 18.41 18.53 75471
20111010 18.73 19.29 18.73 19.03 87821
20111011 19.02 19.51 19.02 19.45 100593
20111012 19.47 19.71 19.41 19.41 98060
20111013 19.31 19.31 18.83 19.16 104710
20111014 19.33 19.56 19.22 19.39 47288
20111017 19.25 19.35 18.84 18.99 63755
20111018 19.09 19.58 18.92 19.51 96582
20111019 19.53 19.85 19.49 19.67 221242
20111020 19.60 20.93 19.60 20.47 376935
20111021 20.61 21.74 20.61 20.93 716187
20111024 20.90 21.29 20.71 20.93 132154
20111025 20.89 21.00 20.70 20.82 180392
20111026 20.86 20.88 20.65 20.88 54466
20111027 21.32 21.32 20.94 21.04 180181
20111028 21.03 21.10 20.85 20.94 101121
20111031 20.89 20.89 20.49 20.58 84866
20111101 20.23 20.27 19.89 20.07 67555
20111102 20.20 20.60 20.20 20.44 60694
20111103 20.65 20.65 20.31 20.42 47816
20111104 20.48 21.02 20.48 20.84 104816
20111107 20.70 20.83 20.62 20.71 96160
20111108 20.73 20.78 20.58 20.60 63333
20111109 20.12 20.30 19.95 20.10 74944
20111110 20.25 20.52 20.06 20.25 97216
20111111 20.32 20.54 20.22 20.47 88243
20111114 20.44 20.45 20.30 20.40 47077
20111115 20.24 20.43 20.24 20.38 40005
20111116 20.29 20.36 20.01 20.08 56999
20111117 20.03 20.21 19.91 20.06 57105
20111118 19.99 20.11 19.93 20.05 61116
20111121 19.82 19.89 19.42 19.76 54888
20111122 19.68 19.78 19.17 19.36 82016
20111123 19.16 19.22 18.75 18.95 91832
20111125 18.81 18.99 18.81 18.97 21322
20111128 19.32 19.62 19.10 19.10 57316
20111129 19.04 19.09 18.71 18.71 71144
20111130 19.06 19.12 18.77 19.03 192848
20111201 18.90 19.01 18.65 18.78 103866
20111202 19.02 19.07 18.76 18.82 47077
20111205 19.00 19.44 18.89 19.35 60799
20111206 19.29 20.00 19.27 19.90 52883
20111207 19.91 19.91 19.31 19.59 47499
20111208 19.56 19.59 19.18 19.22 37261
20111209 19.01 19.52 19.01 19.50 52249
20111212 19.32 19.41 18.86 19.05 73269
20111213 19.15 19.25 18.93 19.03 88792
20111214 18.90 18.96 18.48 18.64 90758
20111215 18.89 18.89 18.52 18.69 65404
20111216 18.78 18.78 18.31 18.46 58781
20111219 18.50 18.50 17.99 18.10 109904
20111220 18.20 18.25 17.99 18.06 103487
20111221 18.09 18.15 17.73 18.02 103694
20111222 18.02 18.50 18.02 18.46 114975
20111223 18.52 18.78 18.23 18.35 80099
20111227 18.31 18.37 17.92 18.03 83307
20111228 18.03 18.07 17.63 17.77 60954
20111229 17.77 17.87 17.68 17.72 93760
20111230 17.81 17.97 17.71 17.97 59091
20120103 18.09 18.56 18.09 18.46 91069
20120104 18.62 19.12 18.61 19.07 98106
20120105 19.08 19.88 19.08 19.81 145710
20120106 19.81 20.14 19.75 20.00 70785
20120109 19.99 20.17 19.99 20.07 92518
20120110 20.14 20.39 20.13 20.16 111766
20120111 20.16 20.40 20.04 20.21 111766
20120112 20.22 20.44 20.10 20.32 90034
20120113 20.32 20.34 20.04 20.29 129256
20120117 20.32 20.41 20.24 20.29 52054
20120118 20.24 20.61 20.24 20.53 50812
20120119 20.63 20.89 20.62 20.71 81445
20120120 20.76 20.85 20.63 20.85 38290
20120123 20.82 21.08 20.82 20.90 63231
20120124 20.88 21.04 20.46 21.00 184311
20120125 20.90 21.15 20.84 21.10 166408
20120126 21.11 21.26 21.07 21.14 132257
20120127 21.19 21.19 20.53 21.02 67681
20120130 20.88 21.21 20.88 21.14 74718
20120131 21.16 21.31 21.08 21.26 107523
20120201 21.36 21.54 21.26 21.43 122736
20120202 21.38 21.68 21.38 21.63 150988
20120203 21.69 21.89 21.63 21.70 277243
20120206 21.69 21.84 21.64 21.79 94691
20120207 21.79 21.96 21.74 21.90 203560
20120208 21.98 22.12 21.85 21.94 235951
20120209 21.98 22.22 21.97 22.18 154610
20120210 22.00 22.14 21.98 22.05 79168
20120213 22.16 22.27 22.06 22.22 191245
20120214 22.17 22.32 22.09 22.27 95829
20120215 22.30 22.32 22.22 22.26 125737
20120216 22.22 22.22 21.98 22.17 111766
20120217 22.22 22.27 22.14 22.23 71924
20120221 22.23 22.37 22.23 22.30 61885
20120222 22.30 22.30 22.21 22.28 128635
20120223 22.30 22.53 22.18 22.48 207803
20120224 22.51 22.51 22.41 22.47 70371
20120227 22.47 22.51 22.40 22.47 103798
20120228 22.44 22.80 22.44 22.76 168995
20120229 22.75 22.88 22.68 22.76 136810
20120301 22.75 22.93 22.73 22.78 117976
20120302 22.81 22.90 22.77 22.89 100176
20120305 22.84 22.88 22.74 22.74 99348
20120306 22.56 22.73 22.20 22.29 166925
20120307 22.45 22.50 22.35 22.38 79685
20120308 22.47 22.65 22.47 22.62 54434
20120309 22.70 22.82 22.67 22.80 66956
20120312 22.85 22.86 22.76 22.78 70594
20120313 22.80 22.91 22.80 22.85 90429
20120314 22.92 23.02 22.83 22.92 111689
20120315 22.97 23.09 22.86 22.98 136000
20120316 23.03 23.03 22.91 22.94 50860
20120319 22.97 23.09 22.93 23.08 81580
20120320 23.04 23.05 22.96 22.98 75883
20120321 23.01 23.10 22.96 23.10 74866
20120322 23.07 23.08 22.98 22.99 61236
20120323 22.96 23.08 22.96 23.07 75070
20120326 23.05 23.07 22.96 23.06 92769
20120327 23.02 23.11 23.02 23.05 76188
20120328 23.05 23.09 23.03 23.09 74052
20120329 23.05 23.11 23.02 23.08 114537
20120330 23.08 23.29 23.08 23.26 134169
20120402 23.21 23.24 23.10 23.19 93074
20120403 23.15 23.25 23.12 23.24 111079
20120404 23.18 23.20 23.13 23.15 30313
20120405 23.17 23.19 23.16 23.18 55641
20120409 23.07 23.15 23.01 23.05 35399
20120410 23.05 23.07 22.65 22.73 81580
20120411 22.72 22.87 22.62 22.74 131117
20120412 22.77 23.21 22.73 23.15 55844
20120413 22.99 23.10 22.96 23.10 59099
20120416 23.06 23.23 22.99 23.23 77613
20120417 23.22 23.22 23.10 23.20 51267
20120418 23.17 23.24 23.13 23.23 76087
20120419 23.23 23.25 23.15 23.15 62253
20120420 23.13 23.22 23.05 23.22 200999
20120423 22.47 23.01 22.41 22.94 131321
20120424 22.98 23.04 22.93 22.97 91548
20120425 23.03 23.18 23.03 23.13 223479
20120426 23.17 23.23 23.09 23.17 115859
20120427 23.22 23.30 23.15 23.28 117283
20120430 23.26 23.33 23.15 23.22 62049
20120501 23.23 23.30 23.18 23.26 53607
20120502 23.20 23.30 23.20 23.28 151563
20120503 23.25 23.30 23.23 23.28 40688
20120504 23.28 23.28 23.18 23.23 43435
20120507 23.17 23.27 23.16 23.27 32550
20120508 23.25 23.34 23.20 23.33 55539
20120509 23.28 23.28 23.21 23.24 50860
20120510 23.26 23.32 23.26 23.32 77002
20120511 23.34 23.37 23.22 23.25 48826
20120514 23.21 23.21 22.97 22.99 51979
20120515 22.98 23.07 22.94 22.97 46791
20120516 23.00 23.00 22.78 22.92 66728
20120517 22.90 22.90 22.36 22.39 69577
20120518 22.20 22.91 21.87 21.98 135797
20120521 21.93 22.37 21.84 22.25 88903
20120522 22.25 22.79 22.25 22.72 83004
20120523 22.56 22.85 22.44 22.77 82393
20120524 22.68 22.92 22.68 22.87 88395
20120525 22.71 23.06 22.71 23.05 62456
20120529 23.04 23.35 23.03 23.33 62049
20120530 23.10 23.19 23.03 23.08 77104
20120531 23.13 23.13 22.83 23.08 69984
20120601 22.49 23.00 22.49 22.88 55031
20120604 22.78 23.00 22.76 22.99 52589
20120605 22.91 23.34 22.91 23.20 40790
20120606 23.24 23.42 23.24 23.41 80562
20120607 23.40 23.54 23.39 23.49 81071
20120608 23.47 23.54 23.41 23.50 51470
20120611 23.54 23.54 23.42 23.43 46995
20120612 23.46 23.60 23.40 23.56 89000
20120613 23.60 23.70 23.51 23.67 112300
20120614 23.75 23.76 23.61 23.69 118100
20120615 23.74 23.89 23.60 23.81 115100
20120618 23.85 24.04 23.77 24.01 133200
20120619 24.09 24.19 24.05 24.18 141600
20120620 24.19 24.27 24.10 24.22 146800
20120621 24.14 24.22 23.97 23.98 103400
20120622 23.96 24.11 23.96 24.05 149200
20120625 24.07 24.38 24.06 24.29 297700
20120626 24.41 24.55 24.24 24.48 267300
20120627 24.56 24.60 24.40 24.60 121600
20120628 24.53 24.69 24.53 24.55 191900
20120629 24.69 24.70 24.56 24.60 210400
20120702 24.61 24.73 24.61 24.65 94600
20120703 24.63 24.70 24.59 24.64 59500
20120705 24.68 24.75 24.60 24.69 102100
20120706 24.69 24.72 24.63 24.66 55600
20120709 24.63 24.73 24.63 24.69 59100
20120710 24.71 24.72 24.60 24.70 109600
20120711 24.59 24.72 24.59 24.71 109800
20120712 24.70 24.75 24.66 24.74 73600
20120713 24.73 24.82 24.68 24.76 156400
20120716 24.78 24.97 24.77 24.90 115800
20120717 24.92 24.92 24.85 24.88 84800
20120718 24.82 24.93 24.82 24.86 55500
20120719 24.88 25.00 24.88 24.91 98700
20120720 24.86 25.01 24.85 24.99 109500
20120723 24.86 25.05 24.85 25.04 104800
20120724 24.97 25.00 24.82 24.88 119800
20120725 24.89 24.94 24.77 24.86 153400
20120726 24.87 24.95 24.86 24.93 94100
20120727 24.95 24.99 24.88 24.98 60100
20120730 24.88 24.95 24.86 24.91 155800
20120731 24.84 24.94 24.84 24.90 108200
20120801 24.86 24.94 24.81 24.81 106900
20120802 24.85 24.97 24.84 24.87 68400
20120803 24.89 24.96 24.88 24.90 78300
20120806 24.88 24.93 24.87 24.90 51500
20120807 24.90 24.97 24.86 24.91 51000
20120808 24.93 24.95 24.87 24.87 30200
20120809 24.90 24.94 24.88 24.91 35500
20120810 24.94 24.99 24.90 24.95 51400
20120813 24.98 25.05 24.94 25.03 75600
20120814 25.00 25.00 24.93 24.94 36000
20120815 24.95 25.01 24.93 24.99 64300
20120816 24.94 24.97 24.90 24.90 44800
20120817 24.95 24.96 24.86 24.86 62100
20120820 24.87 24.92 24.84 24.85 69500
20120821 24.88 24.98 24.84 24.95 95300
20120822 24.95 24.95 24.91 24.92 34100
20120823 24.94 25.02 24.92 24.95 45900
20120824 24.95 24.96 24.92 24.96 34300
20120827 24.96 25.00 24.90 24.94 44400
20120828 24.92 24.96 24.90 24.96 23400
20120829 24.96 24.99 24.95 24.95 40000
20120830 24.94 24.98 24.90 24.94 45800
20120831 24.92 24.96 24.85 24.94 87600
20120904 24.90 25.00 24.90 24.99 68500
20120905 24.95 25.01 24.94 24.96 37600
20120906 24.97 25.01 24.96 25.01 69200
20120907 24.99 25.02 24.98 25.00 63800
20120910 25.00 25.03 24.95 25.01 96300
20120911 25.00 25.03 24.96 24.99 109600
20120912 24.61 24.76 24.61 24.76 197800
20120913 24.76 24.84 24.76 24.82 69600
20120914 24.83 24.89 24.78 24.87 90500
20120917 24.83 24.99 24.82 24.97 77300
20120918 24.93 25.04 24.91 25.03 71100
20120919 25.03 25.03 24.91 24.91 119800
20120920 24.93 24.95 24.91 24.91 57600
20120921 24.92 24.95 24.91 24.92 45200
20120924 24.93 24.96 24.91 24.91 37800
20120925 24.93 24.94 24.90 24.90 63800
20120926 24.92 24.93 24.87 24.92 29800
20120927 24.88 24.97 24.87 24.92 41300
20120928 24.95 24.95 24.85 24.90 51100
20121001 24.90 24.95 24.88 24.94 46600
20121002 24.92 24.94 24.84 24.86 52200
20121003 24.88 24.95 24.86 24.93 21000
20121004 24.90 25.04 24.87 25.02 105000
20121005 25.00 25.02 24.95 25.02 66200
20121008 25.01 25.01 24.95 25.00 53700
20121009 24.96 25.05 24.95 25.03 58400
20121010 25.00 25.04 24.98 24.99 91000
20121011 25.01 25.09 25.01 25.07 53800
20121012 25.08 25.08 25.01 25.03 67400
20121015 25.04 25.05 25.02 25.04 59500
20121016 25.04 25.18 25.04 25.12 50700
20121017 25.08 25.13 25.07 25.07 38700
20121018 25.08 25.25 25.06 25.24 66200
20121019 25.16 25.20 25.05 25.05 69100
20121022 25.07 25.10 25.00 25.00 89000
20121023 25.00 25.04 24.98 25.03 63100
20121024 25.02 25.05 24.96 25.03 57600
20121025 25.03 25.03 24.92 24.99 145200
20121026 24.99 25.05 24.97 24.99 42100
20121031 25.00 25.01 24.85 24.90 235300
20121101 24.96 25.08 24.94 25.01 91400
20121102 25.04 25.09 24.96 24.96 71800
